2.30201006
2.34073973
2.29972839
2.30045700
2.29761410
2.28527308
2.32221341
2.28245115
2.29050827
2.28387094
2.28346920
2.29464602
2.23644972
2.20886064
2.27591848
2.24939013
2.24169683
2.22270083
2.18664408
2.12286186
2.17623377
2.15209579
2.18904114
2.18975472
2.18951654
2.11911583
2.14477658
2.04149532
2.15730619
2.11939669
2.11275458
2.15424275
2.16628337
2.16609955
2.18299675
2.06028461
2.06672001
2.09160423
2.13535428
2.06017971
2.07666349
2.04209185
2.01695633
2.03667188
1.88296545
2.04454541
2.06814289
2.01503229
1.94004238
1.95432925
1.93884408
1.93796921
2.10642958
1.98524857
1.94478989
1.96628952
1.95588183
1.95149183
2.05929518
2.06047344
1.98202038
2.01612282
1.99020386
1.99412048
1.93106627
2.05249190
2.00911808
2.00685191
1.91751671
1.94510686
1.85104322
2.06197929
1.85778856
1.81505728
1.99796414
1.97441030
2.00037980
1.97943282
1.89401412
1.95334768
1.83044159
2.03074265
2.02794075
1.91807532
1.97607684
2.00360441
1.95336521
1.99300075
1.82017326
1.82799840
1.77853787
1.99345088
1.99280143
1.87282491
2.02631402
1.78983653
1.97896063
1.84925365
1.95711923
1.89042783
1.86923563
1.79978573
1.91227293
1.91236842
1.88080740
1.90347767
1.92352641
1.88008094
2.01394367
1.83935118
1.93436313
1.88616168
1.89111710
1.79606473
1.78876793
1.91840768
1.87467825
1.90119159
2.00208306
1.85323644
1.92572641
1.85616338
1.85909593
1.93560660
1.90951538
1.75993490
1.84239888
1.76923275
1.74009156
1.95789039
1.88296461
1.89454818
1.89235306
1.77137542
1.86474097
1.79440570
1.89638376
1.88534045
1.86502194
1.79706299
1.78273714
1.85383749
1.69402754
1.98534489
1.75964749
1.74491525
1.76145613
1.76978612
1.78774881
1.71193171
1.66681671
1.62579632
1.79034841
1.78590059
1.73751831
1.67980099
1.63015366
1.89125562
1.79185140
1.80059457
1.67309213
1.80011344
1.73056650
1.73187268
1.86749589
1.56086409
1.72927070
1.80346060
1.79740191
1.75687647
1.70235062
1.70613301
1.68470621
1.64229155
1.72635055
1.68952489
1.71239567
1.77166224
1.83902097
1.68303823
1.64399588
1.63645077
1.75418305
1.63155675
1.65199423
1.60467517
1.53496122
1.65282774
1.80319333
1.76789951
1.72837472
1.60969996
1.81343985
1.68231153
1.65014422
1.72037601
1.87890303
1.71282756
1.74762368
1.57961345
1.51801038
1.74737465
1.62176478
1.63905334
1.76158965
1.57354307
1.68036902
1.63703299
1.79522276
1.68374705
1.70450854
1.65380144
1.76217592
1.60387468
1.48095083
1.56990862
1.71832895
1.67488933
1.68547881
1.68879485
1.52214050
1.56550562
1.46231806
1.62425792
1.57858038
1.61665726
1.44029713
1.62327242
1.59973943
1.53745055
1.56364095
1.52355218
1.69239056
1.66945982
1.52036631
1.52313662
1.45173526
1.48025203
1.47668934
1.81125998
1.64819336
1.62222981
1.61166286
1.70298219
1.76531935
1.61512136
1.65504527
1.66993880
1.58648562
1.48730636
1.61005521
1.78800118
1.74984956
1.67332554
1.63466501
1.46388257
1.63076663
1.57296920
1.55945015
1.52153873
1.59542584
1.47680044
1.58938241
1.61083412
1.58326030
1.63679767
1.57173896
1.64251614
1.55802536
1.50990593
1.58967543
1.70283937
1.64259171
1.50827813
1.58741665
1.51141119
1.54487073
1.52915072
1.57060933
1.66661036
1.55070949
1.54171324
1.76223946
1.62336242
1.55265629
1.55941916
1.57604563
1.62286472
1.51236510
1.59978247
1.62393689
1.75444174
1.66290820
1.53947508
1.39705825
1.51507115
1.49750578
1.45185554
1.44025612
1.56285632
1.77817512
1.53117156
1.51561785
1.46714163
1.51100636
1.47402155
1.50125754
1.43400049
1.63893723
1.46071625
1.53833365
1.46688724
1.59124053
1.74974537
1.39364350
1.54447913
1.45958173
1.59858155
1.48693371
1.57174420
1.53506255
1.38219547
1.68332851
1.55890584
1.33071733
1.45483494
1.48350883
1.51148427
1.28514004
1.61047816
1.51755571
1.44570434
1.45478380
1.53382134
1.54614663
1.48281467
1.50750577
1.29501200
1.57984638
1.51046932
1.53216863
1.49821830
1.51353192
1.59362411
1.55459976
1.49054384
1.49068785
1.51145053
1.43497705
1.47610021
1.54043615
1.46830440
1.62078166
1.43012500
1.68105972
1.46590114
1.62335753
1.59349918
1.60374045
1.59218776
1.57693458
1.46448743
1.73011518
1.59428668
1.50926411
1.56651378
1.42713475
1.62791073
1.32488513
1.45094585
1.57143641
1.63343287
1.45533347
1.47427678
1.53432465
1.56386924
1.56480932
1.55834389
1.46472907
1.54410017
1.32558370
1.44009113
1.46129894
1.52123296
1.41287851
1.72004652
1.49669647
1.44534826
1.59313011
1.41231441
1.34432983
1.52509081
1.40757930
1.36392426
1.46513510
1.35977983
1.43371856
1.50404751
1.48603833
1.34188008
1.46205223
1.37890053
1.50357723
1.62588859
1.45210063
1.35898590
1.56298923
1.48089051
1.38450980
1.40490603
1.47703969
1.21324635
1.30445957
1.48744607
1.60694170
1.31226444
1.44009972
1.61607242
1.53543186
1.38359761
1.41138768
1.46402276
1.33933043
1.41655123
1.39365244
1.54477787
1.37973285
1.29689550
1.46609330
1.31937170
1.45110571
1.52949870
1.55449557
1.28175378
1.27413249
1.57130468
1.43565106
1.40118480
1.36109972
1.47607732
1.38364363
1.35739183
1.44984007
1.46026754
1.46622670
1.55189526
1.33326161
1.55972981
1.65558267
1.36624277
1.36179495
1.37254632
1.28722787
1.39213610
1.23964286
1.24004900
1.38098502
1.21913719
1.45304275
1.27551842
1.14414334
1.54769778
1.51725197
1.49908113
1.39782763
1.31011391
1.43873954
1.38112092
1.36957765
1.44496870
1.25081611
1.35721815
1.41994119
1.33966184
1.27096808
1.37850761
1.37369311
1.24895597
1.44957733
1.23852992
1.25411606
1.43164277
1.43226671
1.43254530
1.26897311
1.39210129
1.42977047
1.31488299
1.32015419
1.37618935
1.38012338
1.43122363
1.37789667
1.42708480
1.35253620
1.39764321
1.41754365
1.21902764
1.15314531
1.23534203
1.20266986
1.26319575
1.41396976
1.32536364
1.37520909
1.24461031
1.53781128
1.40885782
1.43124437
1.42326796
1.44250154
1.44747114
1.43034291
1.36083293
1.36290014
1.43366659
1.41657245
1.31316316
1.33205426
1.26256347
1.47007298
1.33714008
1.33641076
1.10231125
1.28257072
1.26143241
1.27182329
1.44865775
1.39965820
1.29560530
1.45514131
1.36283755
1.32806480
1.47580647
1.41918957
1.27149582
1.24127436
1.10068226
1.34333444
1.22860277
1.31336021
1.31933713
1.16201091
1.52380276
1.31610870
1.10929406
1.30244112
1.30725193
1.11804903
1.29753947
1.42066550
1.25987530
1.32075286
1.30060434
1.30426455
1.31043315
1.55151403
1.38203776
1.32558417
1.13267481
1.23941755
1.20046210
1.34455943
1.35993648
1.20041692
1.26514769
1.29880381
1.14172494
1.27637410
1.24985695
1.20904708
1.27043736
1.38299036
1.35713303
1.18689477
1.28067577
1.25671816
1.35188961
1.40176964
1.29734278
1.09290850
1.18111086
1.27019620
1.24913859
1.17189050
1.30669284
1.19398510
1.24239826
1.23673368
1.19637632
1.32388639
1.29184735
1.30344939
1.38898659
1.34742427
1.20246351
1.38982892
1.35539842
1.12430465
1.16136575
1.18654525
1.31976771
1.35183752
1.27125597
1.23100913
1.09035158
1.18261302
1.13266587
1.17978930
1.35936046
1.11271405
1.28615832
1.18505430
1.27438211
1.26330364
1.26884675
1.24972653
1.16124094
1.15550804
1.40460491
1.19049811
1.36172950
1.23184681
1.25770044
1.34964502
1.22087836
1.18925190
1.07721186
1.38133681
1.10815144
1.18125749
1.33107591
1.31433570
1.13489985
1.19290650
1.17027402
1.33863509
1.21856034
1.27808285
1.18450356
1.41682029
1.27015567
1.46940398
1.13353229
1.25923479
1.27588737
1.19364500
1.22023225
1.24668789
1.12972069
1.18961835
1.09603083
1.16882396
1.12084639
1.47342014
1.36526918
1.25956869
1.27659333
1.14222443
0.99750507
1.22715020
1.28150415
1.50827754
1.39115906
1.19374192
1.26887655
1.13081408
1.16488445
1.23265338
1.19061768
1.03029764
1.14413273
1.17403221
1.24694860
1.11605871
1.33826101
1.40978849
1.18361199
1.11363065
1.39550340
1.08314705
1.22874427
1.35476208
1.11169171
1.27431345
1.23021352
1.24206138
1.19178820
1.11056709
1.28618073
1.15404940
1.21047699
1.19652295
1.07150519
1.23800254
1.21673799
1.21576238
1.30741453
0.98152041
1.05903137
1.27986217
1.18888688
1.22449350
1.49456739
1.26095653
1.12679768
1.01318574
1.11722577
1.14132810
1.21728015
1.11874712
1.18088770
1.22868419
1.25465155
1.18983197
1.12446833
1.18619001
1.34884250
1.06822610
1.00335896
1.17761266
1.00587749
1.15869522
1.38694096
1.21500182
1.08699346
1.14824653
1.03709054
1.17967701
1.32777154
1.24582386
1.10598016
1.13270366
1.20874941
1.07043123
1.09638500
1.37696397
1.24837160
1.10997868
1.10440898
1.20314598
1.22383380
1.04366195
0.93197560
1.14307594
1.31203115
0.99052972
1.12723589
1.17262208
1.14838362
1.14026952
1.05397975
1.06056380
1.19111848
1.02715790
1.11413980
1.27833128
1.08713210
1.25676572
1.13033831
1.11561728
1.16290867
1.09639919
0.84680402
1.11047506
1.04702759
0.99126273
0.93795502
1.06765378
1.05286002
1.01199555
1.01817155
1.23243916
1.13039398
0.99115384
1.09389257
1.20504105
1.05610669
1.05576897
0.94498575
1.32543969
1.07778215
1.13219690
1.06209660
1.07353997
1.00613046
0.87930238
1.10033810
1.23464513
0.90223122
1.08830214
1.22945404
1.10500038
1.24708748
1.12923813
0.95481515
1.16944432
1.14888811
1.09695101
1.12118900
1.04965973
1.07300508
1.00390315
1.09382343
1.20454717
1.08927131
0.88003731
1.17682505
1.04430950
1.17828584
1.01745307
1.00043654
1.08112943
1.13529754
0.90083432
1.04615176
0.99147379
1.16326213
1.15944076
1.13550711
1.01895642
1.16460919
1.14222193
1.14156294
1.00035310
0.91852188
1.07185972
1.00885201
1.19815958
1.21870196
1.02462137
1.01426220
1.13077343
0.98055637
1.20940185
1.15580273
1.12252760
1.19714475
1.14776325
1.12476516
1.16067934
1.05867052
1.03871202
1.05116260
1.33182430
1.11999702
1.14531410
0.97429061
1.04672670
1.10818172
0.97517270
1.05619192
1.05578327
1.09256411
1.03613853
1.09574902
1.32252145
1.07605648
0.96260482
0.97581863
1.16017485
1.12619925
0.94385433
0.90366685
1.12063086
1.24743295
1.11726642
1.14971042
1.02659905
1.04272819
0.95594078
1.00598216
1.00136006
0.93810391
0.97959745
1.16106749
1.10905194
1.08809173
0.92738950
1.30508256
1.15516973
1.07144594
1.09219170
1.12591887
0.93093431
1.05799937
1.02588761
0.99033898
0.90386575
1.11750889
1.21482205
1.08050084
1.02456045
0.95642126
0.97956240
0.87310648
1.14728439
1.00595534
0.84903431
1.01455832
1.07846487
1.13147044
1.20988488
1.00488281
1.15554631
0.97133064
0.89404446
1.00945568
1.11704361
0.83252907
1.10951042
1.03262913
0.85703498
1.06812382
1.08676147
0.99935293
1.12924087
1.08952630
1.07033503
1.06352019
1.03577232
1.15535820
1.04660964
1.08815145
0.99893135
0.99592447
0.90614736
1.15207076
0.86744928
1.02680635
1.11621666
1.03903842
1.09084427
0.98142511
0.92166287
0.83953965
0.91921991
0.95806366
0.94705296
1.17984545
1.12462497
1.00528562
1.09367228
0.96061796
1.09298956
1.05714679
0.97269213
1.03933930
0.90324825
1.07725263
1.10948396
1.10731697
1.00497139
0.95701253
1.03375256
0.95017004
0.94113874
1.13250160
1.12743700
1.00763726
1.10495758
1.00201583
1.13807225
1.02109599
0.94282115
1.06584632
1.23511875
0.95679724
0.94494450
0.92871284
1.02961731
1.02028418
0.92367589
1.10373354
1.01845264
1.02423298
1.16479158
0.95844001
1.09327900
1.15887392
1.08863854
1.06519353
1.01610577
0.97276640
0.97069275
1.02917027
0.90834141
0.95895755
0.95330763
0.94735301
1.07768846
1.07119441
0.99242538
1.01394606
1.11046195
0.96416771
1.06220186
0.97947615
1.15781856
1.17696428
1.14342928
0.97553861
1.05587125
0.96215534
0.88578761
0.87624443
1.02157474
0.98347420
1.03167450
1.05424500
0.83677721
0.88786817
1.19652104
0.94844723
1.13542652
1.00144732
1.13035285
0.95158732
0.98236853
0.91762757
0.93791050
1.06633496
1.03013980
1.00763535
1.13306820
1.02799940
0.88684815
1.01769042
1.01846242
1.00643003
1.03192484
0.78701025
1.08336711
1.09199190
1.02432656
1.05521679
1.03934777
0.95739365
0.84788215
0.91885293
0.86877465
1.01002944
1.04171634
0.91889906
0.85010815
0.87119395
0.89074820
0.96004903
0.77714497
0.86089677
1.09710050
1.00289989
0.93215144
0.97546554
0.90368944
0.97234261
0.91050792
1.07747948
0.77721572
0.83806688
0.96666312
0.83920646
0.96119392
0.87966454
0.78224826
0.85776222
0.83429968
0.97334075
0.82621861
1.15513754
1.08741069
0.87519395
0.84116852
0.83089697
1.04941487
0.99394387
1.07577038
1.14913130
0.87932390
0.95854098
0.84752047
0.69024724
0.98112905
0.81112677
0.86107969
0.91398346
0.71233582
1.12289762
0.96374428
1.05481768
0.73540282
1.04879320
1.04091847
0.94690293
0.84097606
0.99240303
1.17006922
0.89755273
0.96937037
1.04114711
0.95798188
0.85386711
0.80885404
0.96636218
0.92466116
0.91170865
0.90502393
1.00881684
0.91291225
0.97603726
0.90332735
0.97032875
0.96537137
0.80841720
0.87233472
0.84333032
0.78477705
0.93395233
1.06952143
1.04504037
0.90520877
0.87796342
0.96584135
1.00996757
0.99339485
0.71418971
0.95717883
0.91850358
0.74429798
0.83723044
0.67820764
0.97832072
0.76915574
0.87653524
0.92401767
0.84744149
0.91261631
0.93460876
0.89114982
0.92553502
0.85521114
1.08304858
0.99489641
0.95982826
0.90736914
1.12801421
1.01708555
0.80919302
0.69549358
0.94700414
0.87518764
0.79810518
0.98289150
0.85701597
0.75335068
0.78314197
0.92534339
1.08465958
0.98243672
0.82357514
0.90715504
0.90410775
0.80617714
0.93940616
0.85680568
0.75490820
0.84344923
0.90375602
0.73874700
0.86154413
1.13319421
0.97663236
0.76321316
0.73990196
0.92895532
0.96577233
0.98579890
0.95354521
0.86424309
1.05560493
0.78417575
0.97935081
0.95044166
0.91134328
0.94947374
0.95578134
1.00555170
0.87626314
0.89984292
0.85563713
0.97078407
0.94727409
0.71384054
0.88389719
1.03692472
0.80875456
0.85430968
0.78218395
0.86186886
1.02653968
0.88748789
0.95199347
0.91606909
1.07516956
0.85313189
1.04132557
0.90736759
0.80786163
0.86758494
0.81727165
1.01045191
0.87406069
0.81206936
0.91573417
0.96898842
0.82567406
0.86046076
0.81111532
0.79412884
1.01256371
0.81821591
0.89364445
0.93120885
1.02343559
0.99517882
0.89153087
1.09344816
1.05157661
0.90393603
0.81095606
0.70869499
0.95371443
0.81616318
0.77142560
0.87474442
0.93992907
0.85937798
0.88710815
0.90472543
0.99056029
0.89891243
0.99670637
1.00038266
0.87379396
0.83039588
0.88672101
0.89509511
0.78369975
0.91601777
0.86486804
0.95831907
0.96174061
0.85080045
0.86317468
0.92108977
0.81066722
0.87200892
0.86111510
0.88087893
0.86028826
0.96675867
0.88651377
0.98835397
0.83016831
0.75258499
0.83412659
1.05352914
0.90330392
0.90611595
0.92600578
0.62993181
0.81644213
0.78811997
0.91513610
0.83911842
0.92402434
0.89120406
0.78606427
0.98481816
0.74508822
0.86320770
0.91714299
0.95372349
0.72441387
0.89488328
0.82969642
0.84042269
0.91370571
1.00232673
0.99372387
0.84660238
1.03065884
0.85864449
0.79917622
0.84744394
0.77342576
0.81634915
1.00467896
0.95495737
0.78046370
0.68553293
0.94410670
1.07174301
0.90442556
0.80084544
0.90435851
0.78440702
0.96538693
0.87197828
0.85268867
0.98400891
0.89416206
0.89501715
0.85673612
0.70011884
0.89232111
1.02794623
0.81730092
0.74303830
0.71336985
1.00849831
0.86383265
0.90893495
0.80185878
0.78252459
0.87423426
0.88191998
0.95550185
0.87810230
0.90354812
1.06532371
0.91991210
0.80990374
0.86417836
0.83606058
0.88187635
0.99084139
0.89496827
0.82964844
0.99425614
0.91935533
1.11062455
0.95372367
0.84135783
0.72732341
0.82125992
0.67609811
0.98411119
0.95163524
0.94143337
0.88395882
0.81966019
0.75865656
0.96976137
0.93666166
0.88767374
0.69524562
0.90652233
0.77071720
0.98521435
0.94268543
0.97199798
0.98280591
0.84010220
0.89859366
0.75701308
0.61851346
0.90984809
0.84416163
0.91516817
0.76502132
0.94322073
0.82126325
0.73412085
0.84480983
0.78595722
0.74656135
0.84888959
0.89937830
0.60573542
0.77292806
0.85729408
0.78584206
0.95181108
0.86241239
0.92352575
0.91556275
0.83866632
0.81780767
0.81080532
0.88519037
0.71469152
0.93296957
0.88351500
0.62112349
0.81663024
0.83025062
0.78503633
0.91608673
0.85912883
0.97684562
0.86696613
0.85279489
0.65247595
0.72992313
0.78063250
0.63660926
0.78223544
0.83104503
0.84996593
0.95146871
0.88134271
0.89715749
0.76555532
0.81162107
0.78593212
0.86933249
0.81544566
0.84984308
0.74343783
0.72578061
0.73690683
0.88870752
0.83830649
0.58067089
0.67935169
0.85990536
0.68693918
0.87341034
0.71408480
0.77961546
0.91333044
0.89647007
0.89299273
0.82308018
0.81435871
0.89840794
0.87218428
0.92739302
0.80078995
1.29661691
0.96873397
0.83487713
0.90210629
0.97494274
0.83918178
0.93842751
0.86501420
0.87660426
0.82239461
0.83610380
0.82979399
0.81774682
0.72219515
0.80085886
0.78499645
0.72336352
0.89199471
0.70547491
1.04045987
0.93794370
0.83740389
0.95728314
1.04556656
0.73940015
1.01495433
0.79069865
0.79260880
0.90209520
0.82635665
0.81482160
0.70316446
0.81480253
0.88174725
0.70410240
0.80356854
0.77551043
0.86849475
1.00185895
0.77303129
0.89878494
0.90131283
0.72609591
0.89832681
0.86052322
0.71012604
0.71537089
0.56568825
0.76108646
0.97265244
0.69500571
0.96941149
0.80946279
0.80880368
0.76768291
0.88708133
0.95333266
0.88005614
0.83204031
0.74243963
0.76692450
0.80144656
0.68375856
0.94526273
0.86760885
0.84878904
0.91351497
0.78178895
0.71170735
0.65773618
0.93711317
0.76954770
0.77116817
0.79586875
0.69742244
0.78728682
0.68545067
0.74048275
0.78090966
0.69138551
0.69006777
0.78787112
0.78627050
0.76451492
0.64524364
0.86549717
0.70863050
0.82237512
0.63424337
0.90881169
0.79198879
0.82446033
0.87659180
0.73258311
0.81223750
0.76083249
0.74878591
0.88021934
0.85597718
0.64976263
0.75474477
0.73260355
0.72050822
0.89534247
0.69182241
0.78696299
0.85091805
0.83687413
0.92911351
0.75851631
0.75866604
0.75837505
0.72424424
0.82311821
0.75843114
0.66779554
0.87159288
0.89579463
0.65697336
0.75035977
0.88893390
0.55220282
0.91382819
0.86724854
0.66673636
0.75525641
0.76022130
0.97539663
0.85805750
0.81161654
0.66033471
0.82081640
0.80957842
0.81320995
0.95518458
0.86046433
0.77551293
0.74252331
0.77694464
0.69909847
0.90136480
0.61404592
0.82506275
0.86468738
0.81802833
0.85143316
0.89872050
0.85324097
0.68611228
0.77757692
0.87714791
0.87342995
0.89011717
0.87859035
0.66017687
0.69656765
0.83120191
0.63086790
0.78698879
0.81951398
0.78802049
0.62989521
0.72865427
0.69096351
0.76936281
0.81967974
0.63880575
0.90766847
0.74469256
0.67367351
1.01930594
0.85984415
0.71423531
0.86950773
0.78914058
0.64485753
0.76011598
0.78708315
0.56692207
0.61457801
0.93106037
0.68955529
0.62058085
0.67017013
0.84655881
0.72977579
0.62407500
0.83269596
0.82909942
0.86743915
0.91659641
0.78981322
1.00686777
0.80486661
0.78017771
0.76760960
0.81154400
0.89718115
0.72430873
0.71922702
0.83077675
0.79452538
0.83479214
0.91950202
0.73154616
0.85091329
0.85392344
0.90125608
0.79308939
0.74523640
0.81666785
0.60183066
0.99968219
0.76734543
0.66713631
0.83369589
0.66677457
0.58537084
0.75110584
0.75985742
0.60870057
0.81954217
0.78812021
0.69435060
0.72785383
0.85228765
0.71930838
0.75203979
0.76847863
0.91980809
0.81491786
0.66908944
0.53367472
0.79256415
0.83773255
0.83686566
0.77626371
0.75320566
0.76990128
0.73259354
0.84815848
0.65424109
0.67536718
0.87021315
0.73086834
0.62294459
0.83838677
0.71051621
0.91732585
0.88598353
0.85224080
0.87897986
0.93218696
0.79175872
0.85020173
0.73273802
0.78501475
0.63432187
0.74383444
0.86203349
0.78598863
0.82388628
0.88765442
0.83772832
0.63761604
0.83206069
0.92194021
0.62011456
0.89541030
0.80814070
0.80026418
0.93787003
0.79241866
0.76912266
0.69373220
0.88523132
0.93338966
0.81130606
0.76361752
0.67955232
0.90689063
0.58727551
0.75099581
0.75573611
0.57918465
0.70253730
0.81615436
0.88446140
0.83561313
0.85077107
0.59583479
0.86060327
0.76789629
0.67354470
0.73868847
0.88582271
0.71374440
0.89069414
0.73355973
0.91185933
0.74672663
0.89164722
0.80594337
0.68629694
0.80379140
0.69483423
0.75603247
0.84802848
0.72085524
0.89821094
0.82949793
0.77208591
0.62670058
0.84163791
0.67348421
0.59945911
0.83043087
0.82281226
0.84627998
0.93926305
0.58147001
0.63569760
0.60978854
0.65573657
0.57486284
0.66715074
0.83979034
0.86464500
0.73734802
0.82541323
0.84755719
0.60389078
0.69011664
0.69970584
0.68097359
0.76776850
0.70181084
0.65196532
0.71932065
0.69598204
0.87812346
0.79626477
0.72418499
0.68110520
0.66517311
0.66991580
0.67239082
0.60538745
0.66102177
0.83550441
0.73541594
0.73540640
0.78610146
0.63869065
0.91250747
0.77762073
0.53844917
0.72501504
0.84768248
0.77146661
0.72794586
0.86804104
0.76237524
0.73399496
0.71409684
0.77052534
0.86050755
0.71636009
0.59027827
0.71177530
0.61780548
0.70831013
0.67998856
0.84459352
1.00201392
0.69980413
0.82391143
0.62723869
0.67169154
0.66870558
0.91499615
0.65104961
0.63983262
0.86985368
0.72520053
0.68235689
0.83477241
0.77103144
0.77843851
0.71764189
0.76038527
0.58892870
0.74346864
0.51559925
0.74434978
0.73234111
0.67156804
0.64435291
0.70160830
0.64191473
0.69041497
0.70702243
0.76934671
0.81718218
0.88757181
0.68482262
0.63545668
0.80275035
0.72716826
0.68518877
0.57306373
0.65894383
0.63265103
0.60232055
0.67344952
0.79928720
0.76833999
0.74868953
0.77610016
0.81342351
0.67922688
0.74803036
0.61421412
0.66300708
0.66571832
0.67257655
0.83686924
0.78954273
0.68099487
0.84371400
0.88631904
0.60635746
0.64261627
0.61279213
0.72817230
1.01954818
0.65759706
0.75025523
0.92190981
0.72550106
0.86199331
0.67369473
0.60232371
0.82856345
0.75269771
0.64481199
0.70830441
0.82499492
0.65175045
0.60818231
0.65987754
0.76571035
0.71554762
0.64186013
0.64650452
0.62134272
0.82602781
0.70568502
0.71305847
0.79488432
0.87943918
0.75126070
0.88583863
0.62146264
0.79419947
0.79898447
0.77547109
0.71272397
0.79602027
0.71623290
0.56603420
0.62105596
0.62608767
0.87503773
0.62511456
0.75028360
0.69816661
0.54219282
0.62746501
0.72500157
0.90330613
0.74163222
0.70567185
0.70162338
0.65715253
0.79576641
0.76912469
0.68977553
0.62879348
0.68847620
0.72444808
0.86725783
0.73599070
0.70331037
0.75225091
0.58563840
0.68133104
0.66610897
0.72596169
0.84135211
0.62913448
0.96726269
0.68842518
0.90425920
0.53842199
0.74633449
0.75840873
0.62614536
0.68371457
0.51466888
0.63087320
0.63638836
0.72563410
0.62960041
0.79758847
0.82563925
0.61720335
0.72014892
0.70900357
0.75330865
0.81081092
0.50441420
0.69122463
0.71478319
0.72461689
0.69395006
0.85350001
0.57068217
0.74618757
0.69123304
0.77489543
0.70992064
0.75913584
0.62156546
0.62123460
0.87515390
0.84322143
0.74473608
0.66610020
0.64916742
0.65326130
0.67141092
0.57009363
0.74530655
0.87265825
0.71362841
0.66099203
0.66710818
0.68338144
0.72044289
0.89354861
0.66024435
0.61357760
0.90065247
0.66443783
0.76595432
0.70961732
0.74864894
0.65233171
0.71495664
0.56933606
0.63282138
0.68514019
0.74044669
0.61131108
0.86221910
0.67176199
0.72284627
0.75552762
0.60400522
0.90961665
0.75874937
0.60373139
0.58183026
0.86787283
0.74450624
0.86792541
0.71873635
0.64225221
0.74398994
0.79201716
0.90605247
0.64761472
0.69220817
0.71474963
0.72520310
0.67481190
0.69611311
0.85664260
0.46149272
0.79492277
0.77114153
0.70272124
0.92225385
0.74146855
0.59282291
0.54329932
0.57978272
0.76950371
0.68536359
0.67239141
0.66489494
0.61445582
0.62265098
0.71150142
0.63759840
0.69619191
0.71260023
0.48739284
0.74339819
0.71835953
0.63027298
0.76909482
0.69865680
0.80577880
0.56325358
0.60239708
0.65772939
0.74248075
0.65168428
0.67489934
0.62075132
0.85913146
0.69902462
0.76105225
0.82591218
0.94898248
0.70496196
0.69234967
0.69440866
0.62925667
0.71454895
0.64110816
0.77292758
0.70492524
0.64206696
0.76282138
0.73170853
0.70505589
0.76415825
0.78747499
0.70560509
0.76712716
0.60887301
0.63049710
0.69245005
0.60325706
0.68085158
0.78615975
0.74297851
0.51249003
0.89076567
0.76190948
0.55250913
0.53524745
0.77587354
0.76671702
0.79324740
0.66978914
0.46234927
0.64628756
0.60433555
0.69878066
0.67501342
0.71251273
0.75175959
0.70234734
0.67194366
0.68390125
0.64687616
0.63511825
0.69954997
0.64541626
0.77702749
0.65181684
0.54997033
0.64875364
0.66144866
0.72120726
0.61514920
0.72591341
0.53368974
0.57413936
0.65414250
0.66740060
0.70871067
0.68660623
0.73655075
0.50662261
0.77871716
0.69531989
0.55487055
0.55750710
0.63407910
0.56728256
0.59080768
0.71853709
0.84713519
0.60724503
0.51586777
0.68831211
0.56815195
0.64235997
0.68448538
0.60755104
0.62803513
0.47745210
0.69179749
0.70268548
0.63228977
0.76059949
0.68268663
0.71312600
0.55656481
0.72688508
0.68144953
0.63777208
0.68404919
0.58218300
0.59543198
0.75063610
0.71447229
0.58491564
0.51811504
0.63183850
0.62070227
0.66414797
0.50972962
0.63507313
0.74195462
0.62081164
0.65659559
0.62163508
0.60338414
0.69629276
0.55776215
0.70483965
0.51009446
0.68732393
0.64727509
0.75306189
0.69236225
0.51096398
0.74702334
0.69380516
0.68329000
0.79789817
0.63612247
0.66050214
0.59342778
0.72330987
0.50231957
0.75296152
0.62013870
0.57439137
0.69066310
0.51948547
0.67884004
0.79990041
0.68539083
0.56238151
0.59824359
0.51704961
0.60467535
0.77161801
0.50247598
0.82334775
0.78642237
0.75623643
0.71798575
0.55620587
0.62749958
0.54734623
0.62973785
0.52509934
0.58677673
0.64052129
0.67681652
0.78049093
0.61665535
0.75597239
0.63628298
0.64768350
0.78181958
0.64993459
0.72139233
0.76278383
0.64760530
0.74233752
0.74724674
0.50697267
0.67929596
0.74833447
0.69289982
0.53811789
0.72024649
0.65022451
0.66196680
0.57635105
0.65347147
0.58033264
0.57704782
0.73278713
0.61366868
0.41697931
0.57381648
0.77100199
0.54211611
0.74671179
0.51275098
0.75275594
0.68332803
0.74410564
0.60502356
0.43272263
0.64944017
0.58323860
0.62536991
0.58547413
0.63547236
0.60301888
0.68950379
0.71239913
0.71382713
0.60837132
0.59964079
0.67374176
0.64785880
0.55244946
0.70289451
0.66940963
0.74072099
0.74438161
0.91859001
0.66240239
0.74524492
0.50428402
0.57446885
0.76057416
0.59884125
0.64594197
0.66668862
0.74293840
0.72887212
0.59764630
0.73921907
0.69189012
0.67830181
0.53943110
0.65244734
0.56997514
0.74742508
0.82855904
0.85458457
0.71961308
0.76412463
0.73830277
0.71976256
0.77109814
0.57382041
0.62696373
0.70353305
0.67590499
0.82883799
0.57020414
0.66242671
0.62074149
0.62819648
0.75574166
0.63636076
0.54229712
0.55101836
0.71886849
0.72274029
0.75456065
0.65779650
0.66972935
0.65669012
0.65363300
0.53284919
0.70150530
0.80168593
0.71536303
0.58437532
0.59842694
0.59391165
0.56501812
0.66859609
0.67695951
0.56722260
0.77576989
0.73229241
0.66449010
0.76007605
0.55463511
0.66080451
0.67067432
0.81827122
0.48882845
0.54125899
0.64157295
0.56941628
0.64580524
0.60017508
0.62114328
0.74358320
0.65656054
0.69504458
0.53296483
0.55716574
0.81997067
0.67891502
0.90172267
0.74943507
0.65917087
0.70260310
0.61809820
0.58673441
0.51470506
0.62965590
0.81709164
0.60582763
0.69849837
0.56852746
0.59901816
0.65076292
0.60098213
0.64498210
0.61794353
0.59519148
0.74313819
0.62269396
0.55468518
0.52850097
0.70218909
0.58446968
0.43709284
0.63382143
0.64116085
0.46815297
0.72318131
0.63908887
0.47145176
0.58324254
0.59571517
0.51348406
0.60650218
0.63277924
0.64815664
0.50812006
0.91511601
0.46271992
0.53361964
0.70911068
0.54405934
0.63807023
0.47566167
0.70271111
0.56987154
0.60026991
0.51315248
0.87640756
0.65460509
0.47921085
0.74323142
0.56196845
0.56851304
0.52460909
0.61381269
0.62946522
0.63173366
0.61868811
0.79361796
0.44453520
0.53244007
0.63269949
0.54983824
0.80409205
0.50629997
0.52292502
0.85531306
0.73741102
0.75657248
0.78846204
0.66879582
0.58818686
0.64797151
0.72093427
0.64295769
0.54888964
0.66058540
0.76917899
0.56208545
0.50975955
0.69503033
0.75462341
0.50557613
0.56747085
0.71059132
0.50526071
0.57793617
0.73898113
0.62882227
0.70820147
0.59639263
0.56767243
0.68895864
0.81775850
0.56906390
0.61745429
0.67355019
0.59691489
0.63609004
0.70061493
0.50403231
0.63388455
0.55373693
0.67179877
0.49520421
0.68363714
0.56577075
0.49554962
0.66364062
0.38181728
0.61584103
0.55859268
0.57281119
0.59897947
0.54378736
0.68401992
0.59817618
0.63988721
0.58665085
0.57635736
0.56990463
0.47235444
0.44306862
0.55370474
0.48162407
0.51224434
0.42438632
0.60972190
0.74450958
0.46338284
0.67675233
0.49709052
0.63978809
0.64130121
0.65371001
0.57349062
0.72466338
0.61994565
0.59807205
0.67089498
0.51034850
0.78678167
0.61081040
0.71916509
0.66450572
0.65490407
0.63765043
0.62687874
0.47184670
0.53242940
0.69768059
0.55046988
0.65316391
0.46128589
0.59058595
0.64757240
0.75515342
0.43596464
0.53906822
0.62592369
0.54536283
0.53211606
0.58943182
0.53567278
0.73674363
0.42105162
0.56437236
0.61759400
0.63249207
0.59886396
0.62362045
0.72921032
0.62391770
0.67987549
0.57353723
0.49989313
0.62391520
0.48025358
0.72831666
0.59000665
0.35021329
0.63255244
0.61998731
0.62757123
0.55532157
0.54848903
0.47889310
0.71949536
0.53751695
0.74388623
0.61463588
0.38362092
0.66812789
0.58265138
0.58568686
0.59377444
0.69245410
0.51362693
0.53777045
0.66646647
0.55776989
0.66061968
0.54517972
0.59169865
0.61973011
0.50181276
0.61592197
0.74574757
0.58852339
0.50687653
0.55838376
0.57075793
0.55105060
0.58348382
0.58374780
0.77658236
0.70444489
0.60161340
0.50775748
0.53938287
0.69325745
0.62074876
0.74114370
0.61428416
0.55230772
0.63561332
0.57988554
0.63651907
0.64502317
0.44686764
0.59443581
0.53669858
0.61066407
0.60079718
0.83144057
0.62374473
0.77099311
0.64771885
0.48489159
0.78714681
0.65652245
0.76674360
0.50424969
0.51549250
0.62931013
0.55781865
0.58973932
0.64487439
0.76262170
0.53906834
0.55094647
0.77659976
0.59675115
0.46940064
0.56144315
0.55778658
0.60928977
0.58885771
0.77238059
0.63029927
0.68126011
0.63131630
0.57727945
0.57478356
0.66026342
0.69004315
0.56932592
0.64647579
0.52371353
0.59508336
0.46600249
0.60701299
0.49396071
0.61650658
0.66436583
0.77061915
0.56803501
0.49355224
0.47256088
0.59590387
0.59867388
0.70029950
0.56916666
0.55945498
0.52023196
0.53507078
0.66461623
0.54345405
0.51970297
0.60337204
0.75712585
0.71438706
0.62765151
0.59469104
0.65235305
0.57177508
0.54961610
0.72436446
0.53279006
0.70265669
0.45412225
0.43544275
0.55573052
0.67742169
0.63055295
0.45852938
0.58458495
0.68350470
0.53743958
0.65450644
0.66992873
0.62118506
0.70132542
0.66903853
0.63742423
0.60208797
0.71618700
0.57303053
0.65044975
0.73540741
0.67966628
0.59124315
0.66552019
0.66448998
0.59800589
0.65677029
0.59210896
0.55507809
0.59463620
0.70360196
0.49131978
0.76217669
0.57868069
0.51539910
0.59347630
0.68586934
0.74856770
0.60155416
0.56186128
0.58825248
0.64195150
0.54609776
0.62788343
0.59395510
0.59387553
0.60458660
0.47707528
0.61577988
0.49058616
0.55349720
0.66031837
0.54962194
0.57578212
0.58980829
0.42884976
0.48224729
0.48035866
0.57929629
0.62299144
0.51817125
0.58790350
0.40421492
0.53486919
0.75271857
0.62362206
0.76506269
0.63794917
0.67016429
0.54530418
0.55256361
0.61673427
0.59256202
0.74910378
0.52849460
0.60766053
0.72436136
0.60049152
0.69248080
0.55311918
0.54146492
0.59603393
0.70096147
0.59598160
0.70423239
0.46621805
0.64640081
0.51670039
0.65136999
0.56986630
0.72923017
0.77036577
0.71860164
0.45304394
0.57232201
0.74578166
0.61893463
0.74422336
0.59927523
0.50414592
0.60299659
0.53324175
0.48511165
0.61055708
0.41627002
0.57273686
0.53327650
0.66932076
0.71126139
0.51874661
0.71466339
0.62330002
0.64560610
0.79260004
0.56096470
0.77757752
0.44829297
0.59520876
0.62926304
0.55788249
0.53278780
0.57222444
0.71647549
0.58690900
0.44656211
0.61576289
0.52988696
0.62309170
0.59569895
0.56706721
0.52700549
0.72018355
0.36850929
0.68102002
0.51492953
0.65138489
0.74125201
0.42091873
0.74057436
0.68524301
0.64083213
0.50650740
0.59218615
0.61480689
0.64734560
0.77067494
0.52288711
0.40498614
0.79758221
0.50745952
0.58002263
0.54601651
0.60303473
0.72856164
0.64745164
0.48009428
0.53272915
0.79546070
0.62875354
0.48325461
0.56944609
0.64870572
0.55366486
0.62284923
0.72530115
0.55830586
0.52208781
0.55457699
0.44295454
0.58455503
0.48662269
0.51604652
0.59705281
0.49028626
0.47071517
0.60396922
0.51283318
0.50909382
0.56036794
0.60246658
0.53102624
0.40657306
0.41981363
0.65379953
0.46325967
0.69005573
0.51976317
0.46497935
0.52933538
0.56485486
0.45870659
0.55311358
0.60670602
0.53010887
0.41484106
0.53519648
0.57614732
0.64036036
0.33001816
0.67328978
0.55202538
0.57732183
0.41762802
0.46996996
0.50056285
0.47122455
0.56684256
0.52782738
0.44531262
0.59959620
0.44699639
0.49384594
0.55271637
0.62195647
0.55164742
0.57204783
0.43939233
0.40995964
0.48589507
0.54319835
0.44902492
0.47987249
0.51903701
0.55171078
0.47615004
0.59707016
0.50329685
0.42335653
0.59756482
0.47639459
0.44691935
0.45240307
0.75048339
0.46393907
0.64470291
0.60327840
0.54093617
0.57953417
0.69827056
0.65738857
0.62416732
0.54815090
0.42647159
0.48565513
0.50702143
0.74656981
0.65085083
0.49372190
0.68820924
0.46810973
0.43533653
0.63143224
0.57322168
0.57090575
0.46515208
0.53450227
0.58581215
0.51562309
0.63758063
0.77140945
0.55848324
0.60775590
0.34939978
0.58647233
0.63718140
0.63465899
0.72309983
0.53286529
0.57633626
0.60008514
0.51176071
0.43521777
0.62060654
0.49958110
0.51484543
0.51984966
0.47383973
0.50509405
0.45218873
0.61870551
0.51776206
0.54515541
0.56926358
0.59574991
0.59176028
0.47652104
0.45551723
0.45197514
0.38764971
0.76217747
0.45663431
0.63107532
0.60011858
0.52416551
0.44491062
0.49554175
0.60359919
0.65549439
0.56271648
0.56260407
0.55963564
0.62293345
0.43593723
0.57915395
0.66000420
0.62151748
0.67437911
0.66890776
0.50394976
0.64433420
0.68441045
0.55626750
0.67492694
0.60231549
0.63402945
0.60480726
0.51486087
0.57119399
0.49167320
0.56708902
0.42619923
0.58352721
0.46621019
0.69467717
0.46020848
0.52929610
0.74743617
0.58771622
0.48075920
0.64167005
0.66680992
0.58736736
0.53636503
0.59072596
0.68181902
0.51597416
0.57482409
0.67346716
0.46979427
0.59332168
0.63855141
0.61082709
0.53137851
0.58221090
0.45654920
0.46678460
0.59350967
0.70703804
0.54000187
0.55078304
0.54636115
0.56788480
0.52325666
0.80493987
0.68248463
0.66577721
0.64829683
0.53703439
0.59985048
0.38498285
0.53754616
0.45819247
0.55117351
0.49298587
0.53320706
0.51230681
0.54474699
0.45742691
0.53179508
0.60826218
0.50904900
0.52178931
0.38937911
0.60665047
0.46912560
0.76319295
0.39661008
0.58128989
0.63420606
0.51169658
0.50270182
0.49693584
0.52480435
0.50417119
0.57416785
0.58237851
0.69902098
0.77767479
0.51714420
0.57570648
0.45342776
0.65642035
0.39974234
0.60606688
0.48377573
0.55116105
0.39487347
0.58171225
0.46531498
0.58400166
0.53480530
0.57669604
0.58624077
0.67906737
0.46372396
0.55813730
0.64685500
0.37594438
0.54267776
0.62924922
0.74324530
0.59490210
0.56455070
0.69243157
0.56616890
0.55871129
0.65203780
0.55164683
0.53471959
0.56660420
0.56829166
0.46462199
0.45527810
0.51714802
0.54923403
0.46628881
0.65502357
0.43779320
0.60570180
0.41006517
0.40700859
0.48348016
0.59303296
0.72080356
0.41562080
0.47484434
0.70439488
0.61659896
0.69003904
0.62773103
0.63117087
0.68719488
0.77169132
0.43103713
0.46146739
0.40557420
0.45043993
0.42341360
0.42467371
0.54333788
0.57505387
0.63053584
0.51993668
0.45170015
0.42861569
0.68295908
0.59527379
0.60087138
0.52492219
0.55169439
0.56646007
0.54299605
0.60607243
0.56922424
0.54276788
0.44473061
0.58562762
0.63571763
0.52112883
0.66358298
0.43754396
0.44000819
0.39248329
0.39721599
0.79471684
0.53248096
0.65145028
0.59152806
0.58458972
0.58279932
0.49268341
0.38627928
0.36062652
0.40933430
0.49113646
0.55832672
0.58398825
0.67810053
0.54800576
0.61234605
0.41086990
0.47812647
0.47561702
0.57796216
0.78805780
0.55326390
0.49028736
0.69901294
0.65996599
0.57349056
0.57689643
0.48638621
0.41962355
0.70704222
0.52875638
0.75621855
0.62915260
0.61208928
0.48305389
0.63619924
0.67286092
0.70290834
0.67552483
0.56213057
0.35929930
0.44760871
0.65414596
0.41219014
0.60647488
0.46021467
0.39684623
0.59310675
0.63829625
0.48673996
0.59225655
0.45694411
0.55568802
0.48175517
0.59590387
0.52790058
0.49697569
0.66579080
0.65199816
0.55675960
0.56742322
0.53567135
0.49874896
0.51290035
0.48867467
0.50815231
0.40093273
0.44534147
0.54794282
0.37837368
0.49172354
0.49348852
0.45783454
0.41239297
0.44853088
0.46047258
0.54971564
0.55790401
0.46569917
0.45536467
0.40745723
0.38847870
0.52035940
0.43960035
0.55474746
0.53781068
0.61815691
0.42418778
0.40963107
0.39181519
0.42560256
0.65912163
0.50529999
0.47291180
0.58112669
0.56222808
0.60586697
0.41867778
0.67473495
0.61021018
0.39058107
0.51701123
0.68580151
0.48879778
0.42092746
0.40200180
0.42693311
0.40955698
0.49970356
0.49981847
0.47218835
0.46811852
0.38007307
0.39267093
0.65948045
0.41232565
0.63893747
0.50960255
0.44737950
0.41791523
0.77006471
0.46994561
0.50223720
0.67979306
0.49365649
0.58141017
0.64322704
0.56102145
0.61675382
0.41606176
0.43053645
0.51456010
0.63127136
0.39310020
0.67500782
0.56934541
0.57697320
0.43146306
0.51493657
0.49659526
0.47877666
0.63181305
0.45667917
0.54485530
0.59464204
0.62672019
0.39124075
0.43621397
0.43124127
0.54188538
0.60492086
0.52135682
0.58495778
0.58638072
0.46504954
0.46677706
0.36927623
0.56276762
0.51028705
0.57374561
0.43820912
0.54165655
0.52295160
0.52853233
0.49612805
0.45307228
0.56175029
0.52151501
0.41299182
0.44115996
0.64926267
0.51824903
0.56651950
0.46632186
0.58226281
0.47689429
0.62650138
0.51339924
0.51258641
0.41506672
0.46179020
0.44856566
0.49463940
0.51576722
0.48930046
0.59288156
0.60955894
0.60374820
0.45656127
0.40292645
0.57448280
0.32666239
0.51846236
0.53681064
0.58026147
0.49591571
0.66725427
0.63070714
0.43508118
0.61607695
0.50136620
0.53280896
0.58198833
0.52525568
0.49086159
0.50742859
0.48363554
0.51896644
0.52627498
0.57786858
0.54961276
0.54341590
0.48411775
0.68789077
0.51022744
0.57515997
0.41218626
0.51496518
0.54136080
0.56278133
0.40921509
0.47833395
0.50022054
0.64944053
0.51198852
0.50766766
0.48542374
0.50723678
0.48291707
0.61255062
0.44125336
0.47359401
0.59424698
0.45627540
0.59933221
0.48398602
0.55956221
0.63042563
0.47044301
0.61978912
0.67332375
0.45694879
0.49237496
0.44197226
0.52321905
0.46378472
0.65428323
0.69106346
0.40832287
0.43430644
0.42274290
0.38931787
0.57809502
0.57935500
0.51872361
0.45670855
0.50950885
0.66658753
0.57617050
0.43288052
0.51500392
0.42030519
0.60772473
0.48140001
0.58241361
0.50735533
0.56593388
0.50224745
0.42274228
0.54266059
0.39301562
0.46675271
0.60331935
0.54629290
0.65400374
0.54377264
0.60005420
0.51024795
0.53411585
0.49366319
0.60243434
0.47144127
0.43029398
0.58268130
0.61242855
0.49217618
0.45343047
0.39503899
0.57657731
0.58094573
0.52400362
0.46830341
0.51526713
0.38969445
0.55964851
0.34481078
0.38836333
0.37350976
0.54868329
0.53473532
0.50909549
0.30915532
0.38188839
0.54887080
0.49568817
0.37969315
0.63356262
0.40909529
0.50293660
0.52795845
0.72513235
0.52722704
0.65641046
0.46402720
0.47483492
0.46728963
0.60976416
0.51696408
0.63879621
0.55801803
0.69580352
0.56979108
0.53193444
0.46436098
0.42615974
0.54112971
0.55996811
0.60158813
0.54921436
0.52460498
0.38842505
0.49080539
0.42341065
0.42950970
0.44264036
0.46991843
0.47245985
0.70068455
0.54630208
0.55497742
0.62085205
0.52510774
0.55025446
0.45733950
0.58536422
0.45385367
0.49934649
0.62334633
0.51817763
0.59484529
0.39102489
0.45319390
0.54888636
0.51369870
0.58664113
0.49256217
0.60384321
0.56210333
0.54453546
0.42774540
0.52457529
0.61047387
0.47699848
0.63681257
0.49748388
0.53526026
0.63096356
0.54377353
0.60864770
0.49571440
0.62942427
0.44834206
0.69651830
0.56009138
0.58403313
0.71399999
0.58146536
0.50399292
0.43468666
0.49597710
0.52411819
0.49270871
0.41341531
0.52480710
0.71318603
0.61645710
0.46931583
0.58903551
0.62659681
0.50447726
0.57615900
0.71641004
0.60514152
0.44377106
0.44982064
0.46858996
0.37369102
0.41855693
0.54104877
0.38306296
0.40099704
0.42804486
0.48839444
0.30451331
0.33960271
0.50760865
0.56025219
0.44709128
0.42169869
0.38016081
0.51793027
0.41195494
0.50322062
0.38608822
0.54691869
0.49362624
0.48410150
0.38964272
0.52964139
0.46480286
0.36937299
0.46161452
0.53875232
0.41131556
0.50980288
0.60767841
0.59698117
0.41745052
0.42121106
0.51289654
0.35906166
0.54390740
0.57968944
0.51437122
0.48641723
0.50160736
0.44692165
0.46694475
0.31538615
0.54703104
0.43492484
0.40911153
0.37614065
0.45777789
0.44369102
0.53605103
0.55124187
0.60517073
0.60497975
0.58715296
0.59675479
0.56166220
0.38202500
0.35353619
0.52927041
0.61334169
0.47975290
0.52498078
0.53298843
0.43310261
0.71014011
0.35137385
0.45673457
0.36167699
0.48232532
0.46683776
0.45213416
0.46178931
0.41066912
0.47337604
0.48181182
0.56083667
0.38597938
0.54924119
0.55810523
0.47447079
0.51361269
0.34482661
0.63575482
0.43366683
0.50464386
0.31752118
0.48825228
0.39995199
0.52236706
0.46132505
0.44097370
0.59175414
0.57715988
0.47315556
0.60073364
0.29258966
0.44152039
0.47664511
0.55461872
0.51309288
0.34930876
0.49803531
0.62894487
0.45932788
0.51817608
0.42304227
0.54130399
0.50880390
0.60637349
0.46522355
0.48641989
0.54394513
0.41106105
0.51667905
0.52451384
0.46780324
0.54978114
0.35117984
0.52150500
0.51273340
0.46765691
0.37657857
0.59072584
0.44938344
0.42600945
0.54959607
0.59153080
0.52260876
0.42791891
0.50666672
0.40320030
0.34562004
0.39612252
0.51409554
0.48596451
0.55849504
0.45058495
0.58167028
0.47039282
0.32569367
0.62057447
0.44868410
0.32429469
0.57542753
0.43481565
0.47169253
0.35129768
0.51576591
0.29449952
0.44799346
0.63825166
0.67344832
0.50909209
0.44441164
0.58681697
0.55240548
0.50902671
0.63972604
0.84169066
0.56711191
0.52902538
0.44666898
0.39844072
0.59922630
0.47381377
0.61917466
0.33300418
0.58052719
0.41575804
0.43739069
0.49520507
0.46268085
0.47584075
0.55253661
0.38313156
0.55329788
0.49976006
0.40932035
0.40029603
0.43951786
0.43272316
0.49364388
0.59646732
0.39373982
0.33665401
0.44988298
0.53013194
0.43306053
0.51289201
0.42537147
0.45384818
0.43128395
0.37768734
0.58738995
0.32660276
0.45325720
0.46853364
0.38414007
0.40242490
0.35548735
0.41761142
0.52189660
0.48396271
0.76177567
0.41542560
0.68126833
0.42591727
0.59820962
0.45452058
0.34869236
0.58460748
0.40374595
0.52071714
0.35920870
0.48444840
0.55483294
0.47399637
0.42454916
0.65944868
0.77794951
0.39828837
0.47280040
0.42720491
0.57288826
0.49732640
0.66473639
0.48332649
0.44170111
0.51900625
0.50220221
0.44810361
0.46964312
0.49189249
0.55257082
0.44402778
0.59572130
0.39919487
0.50463688
0.57170230
0.35611755
0.44400227
0.48023483
0.49608245
0.62191176
0.43527114
0.50068653
0.46731579
0.56581670
0.38993281
0.50956357
0.53632903
0.47980663
0.55737221
0.53432143
0.49206746
0.34838453
0.46151173
0.45259830
0.42202979
0.51230800
0.40946388
0.53355080
0.67603278
0.47888142
0.64976907
0.50185871
0.41709739
0.42787558
0.49987811
0.33740425
0.60798937
0.41957676
0.61417103
0.61779505
0.50645548
0.29795933
0.34244174
0.45698050
0.49057233
0.45479161
0.54620373
0.49207285
0.47545707
0.43236059
0.37227541
0.38605165
0.48023707
0.65314019
0.48515940
0.41092193
0.53950149
0.58124673
0.49204004
0.57405984
0.47781223
0.42739323
0.45771176
0.52810133
0.46413273
0.48549253
0.25446826
0.47945830
0.61129963
0.51032507
0.46347138
0.47845870
0.58237481
0.33660492
0.51200938
0.53214794
0.36309713
0.37638193
0.57430464
0.50182635
0.43196011
0.51976228
0.49543962
0.61607021
0.51952994
0.46429488
0.55502033
0.48820084
0.54474455
0.56866360
0.43325299
0.38180351
0.46617138
0.62192684
0.38676363
0.38799036
0.56146145
0.44991982
0.56078655
0.57711303
0.58191621
0.52017730
0.50671148
0.51450831
0.40865695
0.48945665
0.57262588
0.48433387
0.57274526
0.41780388
0.52191210
0.48516735
0.43457294
0.57899928
0.61159027
0.43784219
0.39943230
0.56995910
0.38864577
0.33137459
0.31355762
0.51297051
0.40041977
0.52580172
0.41153783
0.38057810
0.47492236
0.34188867
0.30511719
0.42551351
0.45588115
0.47390515
0.28412336
0.52700365
0.37508816
0.39812833
0.39078718
0.54723907
0.47661170
0.39049262
0.42118120
0.31544685
0.43095675
0.27469996
0.39159358
0.57436669
0.40142807
0.37704679
0.47207713
0.50163686
0.39162853
0.43537584
0.57425177
0.28564450
0.50051987
0.44343069
0.46326536
0.52610505
0.27478653
0.48037058
0.56661105
0.29039738
0.40167817
0.53238177
0.41840804
0.37527835
0.25178772
0.22433251
0.43545169
0.35895586
0.41560543
0.40538293
0.42520201
0.51514041
0.41263473
0.30464280
0.41326982
0.38657916
0.42618036
0.44746113
0.42869174
0.30716485
0.67904937
0.63931805
0.51636618
0.48300919
0.45520365
0.45477036
0.47062188
0.37712681
0.45387891
0.45099163
0.43338668
0.47668320
0.68263924
0.58252788
0.38673303
0.39661726
0.36631289
0.34905329
0.45699263
0.52221900
0.57285786
0.50347579
0.50240308
0.38913324
0.42192289
0.67956841
0.53299189
0.52053589
0.51206255
0.41704124
0.43500751
0.44859278
0.51381695
0.43161625
0.39547050
0.46868452
0.47511131
0.46532637
0.56293368
0.36178547
0.45578796
0.56289327
0.39751643
0.50877792
0.61623567
0.40153426
0.50666058
0.52635849
0.45019054
0.42268768
0.39555541
0.43377858
0.57407355
0.42247823
0.35959283
0.40377027
0.37145457
0.33322507
0.39660928
0.36649033
0.53178954
0.43025580
0.63163990
0.57337165
0.50975126
0.56770504
0.43157434
0.55615121
0.60120177
0.45087820
0.47878692
0.38862717
0.48548335
0.42705619
0.37002048
0.45263731
0.49662653
0.35835746
0.54148293
0.43685287
0.39671394
0.33797666
0.45197415
0.47582185
0.35885781
0.50271881
0.40612051
0.60232580
0.74351579
0.48241287
0.43255427
0.60485518
0.67972803
0.35355771
0.48088264
0.26475954
0.40371564
0.43398017
0.48299587
0.36367780
0.55180991
0.44013822
0.56507254
0.50770295
0.65948856
0.44356996
0.42384017
0.44064277
0.48726666
0.45134902
0.39256257
0.39997742
0.53850186
0.51336801
0.43437842
0.42734784
0.35402423
0.51036024
0.48242450
0.43673310
0.58848089
0.46367115
0.28406399
0.46185035
0.50271815
0.69065261
0.40637252
0.41237962
0.52894509
0.50369620
0.55954337
0.47524190
0.36768752
0.35678762
0.39834666
0.55753577
0.44816485
0.41036683
0.44991225
0.66047263
0.47927690
0.48955697
0.36463708
0.49135470
0.41351962
0.34860709
0.40426660
0.38185507
0.71026546
0.56067109
0.50471389
0.49353158
0.52388185
0.45977989
0.57590991
0.47892517
0.40923601
0.41329598
0.44242710
0.56592447
0.68313521
0.38468701
0.45532960
0.36635077
0.44726306
0.57138741
0.47077304
0.50641501
0.49059355
0.39688906
0.37642536
0.51086527
0.47776458
0.45101613
0.42843431
0.52108598
0.61875045
0.50913870
0.55465949
0.40721649
0.35891867
0.34056509
0.33979550
0.39885956
0.62448072
0.36045754
0.51270461
0.62092614
0.40501678
0.57380921
0.42061776
0.56180024
0.44214195
0.45429331
0.52144027
0.47071874
0.46208489
0.47020435
0.44887930
0.55354023
0.51722443
0.38682428
0.70217246
0.64015615
0.43005246
0.45539880
0.61156124
0.48453891
0.58826339
0.48245791
0.39000362
0.43331498
0.64155376
0.56245148
0.52984226
0.58731091
0.40267646
0.45529419
0.41896313
0.53109074
0.44570675
0.55281723
0.51075339
0.57271540
0.45358974
0.42248794
0.32662022
0.51338774
0.52111560
0.56407583
0.56474185
0.37773317
0.43951073
0.47551090
0.44898134
0.49893436
0.36695546
0.55436343
0.41525060
0.53097653
0.40134722
0.29004112
0.36200607
0.59202254
0.53483015
0.48300374
0.62426209
0.60689199
0.47166246
0.34041524
0.30842701
0.58311355
0.54919124
0.49501091
0.45628405
0.58646941
0.48673931
0.61873668
0.50776303
0.37544292
0.35888809
0.41857582
0.37744379
0.40361482
0.38206646
0.48822334
0.47463810
0.45589274
0.57866544
0.39580345
0.48717636
0.55562764
0.46785101
0.58529180
0.37882710
0.60196936
0.48374498
0.56312788
0.24021551
0.49651313
0.35106903
0.42213261
0.42290100
0.45859218
0.42745984
0.42569238
0.53255796
0.39486802
0.43916163
0.38524765
0.42541742
0.65795726
0.39987010
0.56605977
0.37741983
0.37950161
0.50579500
0.46883607
0.48867446
0.31878388
0.36951309
0.50074446
0.55033541
0.46372610
0.39845991
0.35926503
0.37163627
0.42562199
0.50127292
0.45457244
0.54257536
0.31992668
0.27249557
0.33306074
0.44799879
0.36702871
0.42933124
0.47600520
0.39007893
0.32240784
0.43908748
0.43104368
0.34820795
0.41212931
0.39640293
0.37589556
0.36068186
0.63291675
0.41087338
0.65530258
0.47219452
0.52612650
0.37814516
0.48370555
0.52061146
0.37530899
0.57227880
0.61391652
0.34947476
0.44559842
0.57881731
0.46280074
0.45442870
0.50692177
0.54133737
0.44724691
0.53458071
0.43650886
0.61042106
0.41875666
0.39807430
0.40305322
0.42853415
0.38615024
0.27622110
0.63443667
0.59952533
0.49639100
0.38806573
0.33374232
0.42623189
0.43345606
0.35026199
0.47224846
0.46109337
0.40530169
0.35893804
0.41155794
0.43414134
0.48827633
0.49728909
0.55011529
0.37317142
0.40605673
0.36726791
0.28972375
0.45837253
0.51936674
0.47917587
0.48603895
0.47571307
0.52932876
0.40341789
0.48063776
0.52118874
0.48949254
0.43896028
0.49441877
0.57174706
0.53694081
0.51399064
0.50987190
0.40244898
0.38534564
0.50942707
0.40450388
0.40678960
0.42382112
0.42510867
0.42289394
0.27519500
0.42207325
0.54898781
0.55400264
0.54842007
0.29907900
0.48194408
0.42341608
0.37715304
0.32934207
0.47299480
0.32642192
0.45809555
0.41438299
0.53980303
0.36663139
0.38964576
0.54757822
0.63675714
0.45130524
0.47380513
0.36826539
0.37775803
0.41858414
0.50088024
0.34172374
0.39778110
0.34840375
0.43253925
0.34029719
0.41174650
0.35623789
0.49343714
0.53422499
0.54024041
0.40595609
0.39965943
0.35168329
0.49038291
0.35279351
0.41418833
0.41960081
0.46361050
0.47764790
0.48287144
0.30861294
0.36735305
0.37817192
0.39063346
0.39005607
0.52095187
0.36696899
0.60786694
0.37582272
0.36826965
0.35831147
0.38980806
0.47707570
0.44107217
0.44303957
0.41510332
0.41027975
0.40522021
0.41548833
0.34172511
0.43422234
0.41256702
0.48013920
0.32817334
0.36982375
0.49017209
0.43936834
0.35841662
0.36953574
0.44852787
0.55210495
0.46332207
0.53386050
0.53015274
0.34705272
0.40317523
0.56793576
0.36889297
0.48918396
0.39337978
0.43683317
0.57443559
0.47637218
0.49608278
0.54070383
0.41094252
0.52214807
0.50543964
0.49040276
0.52065027
0.38676080
0.38248849
0.39582920
0.52611452
0.26751238
0.35344234
0.38583875
0.55820525
0.47177988
0.58837724
0.35842985
0.51672089
0.33535463
0.51523662
0.42396203
0.56235635
0.49845278
0.45657769
0.39536661
0.31345114
0.33728606
0.43369740
0.42869681
0.39863262
0.35788864
0.48174945
0.41155145
0.37343210
0.47944361
0.44532564
0.41119853
0.46934402
0.45277226
0.37329492
0.46361890
0.55326837
0.60028851
0.47415820
0.33029938
0.61595678
0.39902577
0.49188146
0.42222762
0.41372859
0.45577830
0.48873955
0.44983107
0.57632530
0.30261981
0.45214716
0.45740327
0.45583835
0.45524544
0.39411020
0.43521994
0.40495208
0.42642426
0.39522243
0.41816306
0.44952720
0.46540028
0.43206459
0.26405621
0.39486122
0.40329212
0.48362905
0.42095366
0.39423722
0.50293905
0.44449902
0.37964162
0.40139133
0.34093645
0.45973259
0.42501289
0.44074312
0.50638843
0.41091704
0.38101685
0.48896462
0.32198787
0.41306454
0.46746910
0.32997221
0.45055008
0.28849086
0.29046771
0.30509835
0.33373988
0.30999714
0.46353334
0.38515675
0.42488381
0.47223902
0.31993306
0.48088199
0.44957498
0.35650891
0.48237818
0.38477737
0.40275413
0.46400216
0.40693945
0.34958762
0.48776001
0.57970679
0.45222163
0.50530648
0.35960448
0.46219262
0.55031252
0.37288094
0.47236502
0.31111389
0.56264442
0.51347077
0.39209127
0.34452274
0.34698176
0.40001911
0.30619639
0.34445605
0.51595306
0.38757053
0.58101380
0.38950109
0.49040774
0.40519428
0.40608847
0.36603338
0.41130120
0.48565251
0.40327334
0.36496931
0.54278016
0.26412916
0.49110770
0.41677952
0.50130081
0.52717870
0.35680467
0.53846216
0.29673219
0.46017003
0.39230147
0.38732415
0.40616724
0.33941254
0.41605753
0.46701068
0.46473297
0.38444152
0.43893602
0.39301389
0.35698199
0.44133508
0.36272609
0.36358607
0.36699882
0.33077562
0.28745127
0.46527946
0.30141512
0.49947506
0.42496592
0.45984274
0.44181406
0.32105118
0.34371102
0.25741965
0.44193673
0.41556096
0.54381806
0.34984592
0.47409618
0.35629490
0.44289228
0.55269647
0.34732085
0.46639049
0.36935532
0.32161731
0.48164886
0.30579013
0.47242653
0.35977295
0.45383245
0.45764145
0.40891242
0.33861554
0.39650774
0.27540365
0.44685441
0.33329248
0.33025160
0.45856875
0.30207831
0.30047256
0.47809473
0.43087050
0.24844682
0.44663441
0.44691136
0.27523881
0.43722785
0.32946303
0.41262701
0.39579195
0.53042096
0.27637842
0.29449615
0.28800911
0.54524928
0.50357729
0.44534922
0.38355672
0.42010507
0.32727766
0.30908725
0.47884780
0.43342429
0.38905472
0.44559848
0.40509677
0.43760711
0.45018592
0.31787634
0.33019409
0.36369023
0.50145179
0.35815889
0.41633505
0.45971501
0.45634681
0.50684488
0.46221375
0.41319442
0.53483087
0.31569487
0.29897809
0.31852269
0.52268970
0.34505051
0.47967425
0.38748002
0.38976443
0.41093844
0.43405661
0.41047031
0.48352647
0.40629113
0.38472211
0.38448340
0.35702980
0.36476269
0.39681971
0.39200816
0.35014629
0.43323246
0.52110469
0.35423169
0.38086629
0.34872252
0.33443719
0.53867882
0.40351853
0.40482754
0.42346731
0.34560755
0.36055788
0.52932465
0.43050897
0.40943313
0.46797109
0.41834003
0.46547240
0.51684481
0.41654986
0.35405764
0.55206680
0.44711637
0.38967243
0.35811883
0.52379024
0.35212818
0.41487914
0.34862453
0.42821595
0.66564476
0.39056697
0.31500205
0.45743716
0.48534739
0.41677296
0.62176549
0.46292394
0.31930506
0.37128359
0.43427402
0.41829267
0.39282858
0.38401306
0.42017204
0.45375767
0.52190429
0.33930075
0.39520133
0.61423314
0.42722413
0.43348467
0.35246927
0.32305831
0.41620174
0.22738674
0.34004515
0.31579828
0.35358474
0.49702516
0.34962803
0.45110402
0.35922268
0.26450723
0.34638053
0.40656134
0.55253434
0.49578112
0.58177769
0.27737463
0.43341017
0.25006661
0.45498258
0.36500284
0.52031672
0.40100679
0.40282497
0.29660133
0.42825261
0.37591064
0.27443090
0.40317801
0.42619002
0.30712521
0.36885870
0.55482686
0.53671902
0.49324834
0.43053353
0.25304872
0.46484572
0.33334720
0.24784553
0.53420484
0.37320527
0.40572014
0.40250388
0.36872685
0.53644228
0.50431573
0.56936067
0.46014017
0.37760529
0.40350401
0.37092462
0.40085164
0.36015964
0.45729828
0.37426805
0.32705796
0.46804026
0.39338273
0.39415056
0.35519969
0.32904702
0.42163876
0.47141862
0.38059321
0.34472874
0.35785821
0.43381190
0.39777267
0.34101859
0.42592463
0.51086318
0.35869282
0.26398394
0.45926729
0.48972845
0.45067808
0.39227563
0.34973598
0.38999590
0.25709283
0.46164721
0.38055551
0.47162360
0.28653243
0.42652750
0.33045307
0.53182423
0.27005574
0.23465455
0.41613233
0.33825970
0.40422761
0.36854333
0.49898058
0.30979067
0.47771996
0.45619088
0.33668137
0.42437249
0.38345164
0.38492027
0.53146136
0.63481998
0.36116144
0.34697312
0.43902326
0.43633491
0.31754041
0.40728351
0.32252851
0.56017107
0.49719998
0.52083600
0.51840079
0.39803731
0.48753446
0.41808999
0.41142756
0.38779491
0.41489482
0.60608870
0.54269654
0.51051390
0.47736031
0.52461934
0.34420481
0.51021230
0.40655375
0.36761427
0.38406777
0.37423465
0.42124057
0.43863237
0.47837514
0.45278394
0.47383821
0.51425332
0.35296059
0.45396519
0.35444802
0.41077477
0.45030180
0.40137854
0.34674630
0.46135825
0.39091673
0.58651549
0.45895910
0.36915535
0.46807867
0.33599561
0.37244368
0.47477257
0.54086661
0.30109671
0.31272751
0.54085195
0.41002923
0.37104166
0.47549719
0.29954839
0.39566737
0.44657275
0.37795103
0.54728460
0.39026248
0.51010281
0.50383204
0.45663929
0.40290099
0.37452412
0.44913781
0.45177102
0.41762608
0.39105198
0.38869011
0.46434617
0.35180548
0.41546038
0.41633046
0.42539108
0.44735602
0.34824988
0.28849781
0.36368009
0.41874969
0.34793353
0.36403602
0.41484395
0.33071780
0.46982777
0.42373687
0.32584471
0.39894485
0.36082324
0.32751817
0.31547573
0.42400891
0.49972764
0.45669556
0.37726438
0.31524372
0.38682657
0.32870835
0.58792132
0.30957186
0.33796144
0.27285337
0.35403192
0.35952705
0.34712511
0.37073541
0.34515759
0.27647710
0.38521320
0.53109276
0.36191386
0.34385037
0.34342396
0.42374796
0.39098513
0.24101008
0.22369915
0.54677224
0.39446545
0.20548770
0.58179742
0.32942182
0.39298227
0.37620780
0.56358588
0.36538696
0.48722690
0.47395998
0.40013766
0.41904211
0.46680111
0.38471973
0.37462306
0.39772880
0.32833123
0.47245264
0.39319536
0.44073951
0.40081036
0.38916540
0.41580868
0.34224021
0.40938902
0.56676507
0.24700564
0.40945986
0.34914294
0.43508539
0.34610769
0.40081233
0.39726561
0.39832813
0.33500722
0.39796272
0.54365277
0.25458795
0.27256382
0.38254985
0.35476145
0.47620395
0.55138391
0.34434915
0.25712788
0.30086631
0.38954467
0.54696822
0.31566972
0.51118946
0.40750667
0.42411563
0.31734520
0.44969499
0.54628664
0.40083945
0.31976154
0.41839534
0.35838193
0.40618461
0.29478258
0.31310689
0.46323204
0.32594809
0.44070578
0.33102900
0.51309818
0.37465870
0.45073164
0.33366555
0.27930221
0.29108435
0.48123938
0.39844042
0.35294330
0.41792598
0.36552700
0.33184230
0.40878743
0.45722079
0.34625372
0.34777442
0.44052711
0.48611498
0.42722315
0.46020764
0.39375964
0.27423763
0.38639158
0.46570247
0.39972356
0.41305333
0.50688958
0.42623258
0.45919824
0.38370478
0.36462963
0.38690257
0.39896661
0.38882917
0.29239321
0.26126474
0.49523592
0.24813868
0.34418467
0.30984750
0.66390431
0.43101761
0.32499757
0.45906472
0.28832704
0.43437877
0.35084736
0.32109115
0.36438555
0.31515360
0.31407553
0.33136478
0.36555761
0.44066513
0.40308350
0.32441053
0.43218890
0.30565646
0.42403293
0.32368553
0.28764492
0.30961940
0.30860516
0.30419898
0.33038056
0.43320501
0.40909290
0.43765748
0.35578251
0.47930518
0.41879642
0.39335319
0.29352403
0.29632711
0.44595310
0.45816615
0.43628073
0.50574535
0.33578533
0.56049639
0.38342610
0.32536989
0.30949283
0.39402372
0.37502447
0.35714531
0.51017952
0.50991863
0.40773726
0.45471859
0.40870178
0.51891476
0.50777149
0.43429098
0.30985659
0.38111126
0.42572388
0.35106125
0.51265937
0.45192230
0.47757179
0.34579417
0.39116186
0.37034088
0.33695203
0.34728825
0.31564587
0.35483149
0.25116754
0.32535711
0.32320324
0.27915698
0.40665138
0.49165004
0.26711130
0.40840295
0.55982131
0.56187868
0.44966140
0.26415035
0.52825439
0.34317070
0.35138559
0.35650411
0.36447293
0.46289879
0.43435216
0.34596756
0.31904006
0.58308005
0.37636459
0.37084660
0.44011781
0.32122284
0.42938486
0.37068337
0.24356183
0.35803342
0.50380433
0.36443645
0.32574695
0.38117325
0.38273823
0.40888563
0.31613010
0.44977099
0.27142403
0.33413178
0.30858290
0.32592699
0.38285750
0.33620858
0.35146275
0.44626120
0.37726229
0.35604671
0.33852249
0.26375592
0.32641697
0.50486368
0.37966967
0.49852404
0.45447114
0.44568628
0.33947307
0.33902782
0.46102917
0.35263103
0.42182693
0.54899955
0.36645257
0.44716439
0.32982388
0.33721179
0.47984004
0.35062644
0.41168231
0.32804525
0.29311883
0.40134472
0.41807950
0.31245071
0.37250146
0.33690000
0.28822589
0.43136805
0.44444519
0.36524755
0.31109291
0.39456517
0.40772134
0.52343452
0.31815198
0.24738643
0.32668066
0.32680333
0.50799614
0.45248097
0.51756179
0.43876952
0.28352082
0.60961658
0.31843793
0.43561441
0.46665215
0.39095473
0.31379107
0.34225738
0.35927820
0.25131494
0.52089822
0.40355876
0.39685544
0.38211596
0.40841621
0.32583064
0.29085520
0.31391132
0.36406118
0.42939538
0.46345288
0.37776089
0.36999020
0.60277063
0.44939673
0.37476045
0.31559643
0.39206073
0.43589827
0.44996274
0.46120068
0.34366670
0.30854914
0.49821106
0.36842114
0.35428858
0.44066167
0.36610761
0.42302114
0.38336000
0.47332060
0.24566460
0.46769345
0.36189803
0.38681096
0.36634165
0.27157629
0.27098134
0.33474377
0.37232089
0.20473260
0.43332294
0.30875540
0.38018110
0.29969659
0.32043770
0.31087321
0.24041685
0.39105901
0.36146712
0.45218605
0.40773931
0.42796469
0.54002500
0.56085765
0.56184459
0.27450007
0.31449157
0.28791732
0.40746954
0.33706132
0.38468647
0.35952955
0.35032219
0.49686846
0.20849010
0.33109796
0.45866168
0.31099188
0.33599448
0.21889937
0.42287841
0.32480508
0.44301680
0.30444258
0.43266875
0.33622888
0.25390542
0.30546808
0.35607398
0.35036740
0.34029230
0.41234154
0.43541491
0.20449656
0.26385745
0.24681982
0.31666708
0.44925013
0.24930789
0.35122502
0.37054181
0.43028733
0.27820554
0.40137678
0.30971745
0.48497468
0.33021599
0.33240959
0.36917210
0.26677564
0.27776700
0.30482212
0.63159949
0.27472287
0.34593305
0.35004479
0.43399650
0.39756775
0.52872574
0.45755175
0.34243155
0.43288070
0.41476279
0.45260042
0.45667058
0.33373395
0.45296064
0.31196880
0.27320284
0.38760239
0.29923517
0.46350694
0.38753530
0.31482360
0.27767920
0.31933767
0.27402952
0.31048501
0.38171321
0.33886850
0.40145439
0.38010275
0.51971650
0.45453894
0.29810011
0.35958937
0.35526302
0.28092241
0.44717216
0.35613388
0.56333864
0.22283173
0.24152140
0.52947754
0.38128835
0.30567160
0.30544308
0.32141396
0.31996518
0.39012709
0.27967480
0.25112721
0.28029883
0.33148438
0.38358197
0.31006020
0.42478544
0.35240436
0.46610481
0.27115661
0.34921950
0.33508331
0.43590716
0.49357182
0.32387006
0.42418870
0.48317054
0.34926358
0.39246583
0.36776799
0.48408514
0.43464553
0.25544086
0.34103197
0.35542810
0.43556583
0.38517624
0.35418445
0.40823290
0.38377106
0.35322824
0.41173756
0.35253966
0.38101959
0.38792220
0.48401588
0.24622211
0.34361476
0.38649338
0.36214662
0.41142356
0.39544517
0.41454422
0.37234783
0.44877362
0.35062599
0.35187843
0.39188835
0.35612372
0.30083948
0.26471806
0.27231017
0.28993848
0.46583283
0.67697436
0.35841683
0.27765328
0.34381655
0.40877891
0.29804555
0.43929476
0.38445830
0.41586754
0.35956401
0.41914803
0.42778575
0.44694614
0.41892055
0.36074984
0.28727436
0.45177951
0.34163985
0.51116502
0.40170851
0.59409869
0.37784320
0.45497245
0.43982157
0.46135706
0.27981162
0.33241355
0.29220960
0.43439034
0.22500873
0.31701687
0.37819260
0.35629821
0.44754517
0.34152293
0.38027239
0.26475382
0.37740391
0.45322761
0.39056787
0.41098997
0.31705970
0.34933650
0.38090628
0.36535329
0.29116079
0.28191990
0.48091584
0.31245196
0.54400033
0.36959344
0.37609547
0.24169500
0.44282177
0.36093950
0.38498661
0.44322488
0.38051778
0.53006589
0.29970053
0.44192183
0.39441836
0.38464704
0.31944978
0.40843856
0.38015944
0.40264040
0.31541288
0.43399018
0.42625037
0.29060540
0.36124948
0.40823612
0.42970532
0.57596534
0.26015458
0.30555725
0.34087557
0.27550912
0.35754809
0.36102879
0.56441361
0.38866949
0.40170479
0.31633022
0.35404113
0.41318750
0.33501542
0.32716966
0.49139589
0.39909905
0.41169780
0.45314264
0.38084090
0.48336938
0.42546049
0.32320359
0.33517808
0.35807046
0.37495160
0.38250995
0.35552469
0.29709360
0.40545815
0.29258952
0.36526084
0.19219488
0.35080129
0.42669696
0.33773440
0.29862931
0.36627811
0.26629716
0.35246760
0.28375813
0.31703538
0.30678836
0.41921937
0.38730693
0.34514213
0.31113285
0.30063128
0.39006889
0.44876873
0.34824416
0.42467922
0.33095118
0.74330819
0.31139904
0.34781912
0.28290170
0.32562497
0.51858890
0.38638619
0.41257751
0.30478680
0.58702344
0.30760205
0.32328522
0.30534005
0.38915741
0.27301630
0.42779016
0.36504480
0.28586698
0.32870683
0.31420913
0.27532130
0.50892901
0.45508003
0.31648344
0.38926148
0.41093102
0.23038179
0.33319467
0.20201963
0.27893269
0.25566721
0.48485428
0.34587723
0.34952307
0.30056188
0.33764803
0.45416188
0.27778202
0.29335630
0.32181424
0.44406492
0.40273941
0.40599990
0.31538764
0.31081313
0.33212551
0.29522386
0.32626450
0.40905783
0.34256762
0.36651355
0.39423987
0.36718106
0.30896437
0.44781452
0.40352744
0.18767391
0.38318524
0.39275837
0.27167350
0.34477699
0.24389257
0.30457681
0.38801527
0.29343021
0.41352805
0.41762021
0.32088545
0.42588326
0.41070226
0.29113412
0.35771549
0.27689815
0.40900537
0.31756386
0.34717679
0.30802393
0.36575150
0.32315528
0.17324241
0.46038151
0.44821244
0.42450699
0.23277837
0.34174100
0.47358614
0.31386882
0.25842106
0.30218115
0.19262964
0.43792674
0.40282956
0.20611829
0.34386140
0.39766997
0.41024631
0.36765489
0.49371839
0.42788401
0.40304089
0.39522791
0.30423629
0.27762648
0.37796983
0.29646364
0.35828477
0.30965397
0.27023715
0.38183367
0.33678830
0.24359754
0.41928911
0.49653259
0.23163150
0.23010494
0.27716723
0.42368740
0.44217125
0.58976513
0.27629572
0.27178040
0.34979382
0.29209462
0.22245291
0.29682061
0.33309987
0.30194998
0.27102202
0.30587959
0.31608379
0.33084008
0.28424162
0.25107533
0.28735784
0.38212824
0.26651260
0.22611777
0.33699656
0.52957213
0.26545921
0.30110973
0.36604381
0.30987909
0.39059016
0.39495492
0.42006671
0.31552351
0.39794421
0.45634556
0.38216174
0.30580696
0.48263061
0.21201615
0.21069252
0.35607266
0.49680483
0.44966286
0.35485721
0.34306562
0.32010615
0.37013850
0.31109756
0.35939354
0.37375215
0.39664376
0.42229772
0.34575355
0.30688897
0.35258010
0.38643408
0.38855547
0.36014736
0.30848759
0.35901836
0.42850450
0.25471610
0.26413691
0.17115048
0.40637842
0.52096033
0.38962835
0.34020013
0.34116775
0.39410475
0.35054329
0.40347782
0.32908499
0.32944536
0.27644110
0.25285101
0.37735474
0.35729548
0.28714412
0.32097164
0.32546312
0.26266205
0.32001746
0.28834450
0.34336478
0.42999911
0.29851604
0.42927063
0.48968050
0.30357254
0.26329425
0.28263447
0.54688209
0.36081040
0.23467276
0.27749193
0.26435292
0.28214714
0.33296973
0.31176007
0.47847807
0.42046753
0.38738066
0.41638121
0.34795791
0.39325693
0.49916768
0.21569137
0.23224843
0.33146447
0.39450848
0.23450887
0.31587133
0.39286643
0.36828363
0.34119144
0.33513135
0.38476080
0.22235292
0.34292203
0.26829091
0.22275349
0.36999702
0.39918518
0.38194448
0.36867398
0.37967044
0.36990345
0.26652867
0.29521209
0.38104188
0.27439684
0.29658687
0.25517946
0.24007995
0.22099581
0.31158602
0.29864421
0.43953642
0.26489800
0.38396281
0.41253838
0.49010453
0.27662203
0.21587096
0.23165882
0.41169932
0.31219894
0.40575999
0.47623652
0.35466442
0.41394609
0.38289434
0.34443191
0.33276486
0.42080593
0.36537331
0.41366649
0.33368167
0.27166533
0.28714383
0.40767902
0.31312138
0.35384482
0.42959464
0.43876129
0.28870577
0.30341452
0.41064745
0.28816909
0.37925535
0.52938819
0.37696987
0.30392504
0.31038156
0.29041511
0.23479088
0.49424639
0.27085716
0.34627497
0.43097860
0.38209301
0.33945167
0.27429473
0.40674508
0.30678797
0.54134315
0.38374633
0.28013295
0.31030384
0.30534798
0.34823340
0.30916578
0.40128601
0.35676172
0.30291221
0.38375336
0.27942169
0.34771603
0.35743654
0.31543481
0.23151958
0.30461833
0.27832392
0.34122568
0.45755845
0.25516662
0.36894548
0.37076455
0.32924488
0.40573615
0.44744813
0.37346461
0.40388611
0.23622474
0.38125855
0.41015035
0.44173157
0.35163569
0.35769862
0.33433574
0.32257363
0.30889305
0.30195928
0.32034317
0.43278277
0.33324268
0.40876490
0.40367243
0.32299614
0.35755694
0.44213054
0.34510446
0.30932620
0.36519840
0.33470106
0.30268925
0.39305714
0.27414384
0.48818770
0.32265100
0.38456929
0.33520105
0.22173378
0.45325789
0.40008789
0.47232237
0.36592197
0.47757214
0.39300233
0.43447447
0.48274714
0.35181367
0.51411176
0.45431471
0.42384610
0.46604744
0.46095991
0.37847000
0.22571722
0.33945411
0.40511450
0.31363297
0.37880406
0.30754328
0.46412909
0.31693828
0.41173917
0.29335850
0.41285390
0.26539415
0.35717574
0.26987001
0.33278126
0.26460245
0.21528248
0.41377911
0.25409710
0.33341783
0.55573571
0.30211994
0.45805776
0.43615788
0.50025475
0.45806614
0.41496506
0.26954162
0.42414796
0.37000018
0.43027133
0.24325278
0.26453447
0.30188918
0.34770882
0.22826663
0.39150828
0.41462755
0.29687160
0.45654333
0.27170426
0.32998267
0.27837127
0.23106250
0.37137380
0.33845568
0.35698986
0.28115195
0.25353700
0.20284840
0.26108569
0.22857723
0.29464608
0.17688894
0.29254037
0.14045385
0.21073852
0.22452670
0.31043571
0.25803974
0.37750870
0.41705692
0.31870621
0.24244381
0.36656606
0.28301319
0.31309241
0.24227250
0.31592628
0.32534939
0.34532803
0.35471654
0.27902415
0.23712686
0.32272774
0.27051359
0.33576062
0.32586679
0.26889765
0.39166781
0.20246705
0.46143243
0.39249778
0.25898707
0.31851155
0.24310431
0.26113304
0.31849909
0.29817843
0.37767595
0.34023225
0.25936985
0.18858922
0.26976460
0.24532680
0.25847644
0.35667387
0.24835393
0.24172854
0.47727954
0.37870395
0.42965895
0.30666548
0.37969333
0.38302726
0.21989617
0.43014765
0.50111669
0.45616159
0.40165323
0.43134210
0.35055089
0.33223575
0.42769316
0.31511423
0.31766438
0.37291461
0.26244670
0.37378305
0.25368655
0.32767951
0.25136670
0.34456304
0.39990458
0.30156317
0.34046930
0.28499311
0.37932453
0.39580435
0.33473712
0.25595731
0.35082981
0.43348610
0.44050059
0.31772000
0.28713086
0.33934498
0.33065593
0.38761404
0.40761012
0.41083652
0.36360800
0.34115103
0.39963520
0.41187346
0.24713929
0.33047518
0.37607867
0.27372462
0.29240006
0.40071064
0.43196762
0.26218060
0.36927351
0.26302415
0.47040254
0.39510381
0.33941132
0.27765721
0.27485746
0.30139658
0.33262163
0.24124205
0.41021889
0.27662486
0.15336104
0.27186495
0.35924652
0.32021365
0.17572095
0.31399417
0.15219054
0.23867361
0.25011691
0.29984188
0.26970840
0.23550367
0.48118824
0.29052097
0.26044607
0.37698311
0.37704635
0.29859939
0.34246701
0.24713734
0.48264316
0.46756798
0.37792867
0.35929230
0.37691519
0.33108121
0.49391407
0.33388489
0.24724965
0.35409161
0.25536728
0.29003131
0.30700773
0.33258438
0.43385488
0.30135107
0.36465067
0.28413290
0.41593108
0.38527021
0.37885982
0.40558192
0.36777574
0.34322560
0.38468370
0.30730027
0.34654215
0.19862720
0.36217493
0.37118864
0.34598717
0.31431478
0.28005713
0.24847925
0.37669575
0.48741603
0.27546424
0.38785374
0.39231297
0.18039313
0.41601908
0.34530669
0.27829021
0.44548103
0.29330212
0.27073854
0.24770166
0.45483020
0.37019125
0.28470573
0.32946387
0.39768392
0.35662794
0.33044118
0.25499901
0.31761855
0.25435692
0.26399374
0.25144690
0.38467211
0.26486075
0.27795404
0.44230539
0.38979739
0.29847789
0.29734790
0.39539647
0.29131731
0.29302377
0.28895462
0.33034366
0.36919367
0.23932010
0.32665914
0.31901920
0.31735122
0.32360435
0.31673977
0.47109821
0.36328089
0.28542209
0.36522412
0.32019842
0.33153203
0.27633476
0.49481857
0.35336399
0.31967628
0.40338433
0.42576137
0.40612113
0.28614852
0.32632750
0.34511536
0.31173995
0.34505126
0.30766082
0.29561117
0.33680063
0.39978507
0.38231134
0.32356286
0.35584986
0.34359634
0.40251619
0.24158928
0.31995139
0.33546609
0.30238134
0.36434531
0.37580246
0.28815925
0.22981071
0.41796479
0.35044497
0.29066488
0.37732005
0.25123635
0.34155422
0.43839270
0.27076530
0.47148198
0.35702401
0.30296445
0.29066089
0.35914782
0.34767133
0.38890797
0.21256049
0.28652495
0.34203467
0.36430782
0.35080230
0.32620975
0.35965332
0.34604660
0.22040355
0.37739497
0.32379925
0.57284689
0.30181623
0.15899530
0.28261971
0.30397904
0.29258519
0.39969409
0.39915857
0.47341692
0.38258088
0.40114748
0.37974483
0.22224613
0.41946247
0.29422799
0.27927011
0.35674998
0.34356859
0.19081785
0.42130506
0.25820303
0.36423817
0.41794217
0.27085280
0.37140042
0.47481853
0.41420120
0.34120667
0.44217139
0.41576260
0.38976842
0.32173389
0.41680276
0.41869500
0.34474549
0.34089381
0.25186127
0.36989892
0.37811944
0.53681028
0.51224709
0.36994725
0.39608091
0.28632188
0.31426486
0.29079285
0.23990539
0.41024265
0.43046117
0.35886991
0.26327804
0.35131806
0.23550850
0.39415604
0.42713323
0.37101051
0.33406383
0.38381818
0.23281693
0.29403186
0.23116305
0.30523723
0.24163339
0.23061208
0.42241779
0.24658139
0.38214663
0.27148914
0.32348076
0.35464150
0.27639800
0.26850384
0.32297879
0.34612817
0.37528235
0.32194740
0.42274171
0.21478492
0.49740481
0.31091440
0.23220639
0.21938255
0.29003134
0.42227295
0.21110180
0.20097107
0.26043394
0.22189236
0.26560497
0.33272323
0.21382548
0.23969270
0.29917622
0.52958214
0.21753740
0.27339137
0.22924694
0.34290999
0.31063527
0.26468074
0.29851806
0.29091495
0.27104494
0.25920445
0.25316527
0.31761348
0.30301136
0.22059013
0.36430973
0.27254981
0.27074182
0.27731657
0.20047216
0.19706753
0.25095272
0.28708225
0.31996763
0.25808948
0.37390915
0.38680884
0.38619700
0.28404209
0.27685061
0.39469957
0.21860723
0.26637676
0.25206164
0.29461455
0.38452962
0.30519637
0.25579363
0.25694281
0.36542517
0.21276672
0.36390024
0.28681561
0.27270317
0.25982890
0.30435222
0.15736970
0.23707850
0.19736001
0.30013752
0.32457671
0.20150064
0.42169210
0.39399612
0.34603569
0.14601162
0.28752658
0.33649451
0.25323415
0.36399502
0.33902767
0.31231701
0.38816831
0.24654749
0.33617115
0.30593786
0.32164949
0.21091621
0.36833781
0.38316154
0.38260829
0.35358971
0.36780810
0.41769791
0.34458077
0.40358639
0.22771062
0.30111307
0.34332746
0.34997767
0.45758358
0.40984973
0.27910680
0.25898281
0.33251187
0.20373681
0.21240425
0.30239838
0.38929257
0.23005302
0.21955121
0.36732414
0.28673318
0.29687107
0.37627822
0.27939579
0.18222268
0.25626475
0.28256932
0.31204110
0.36088997
0.31060880
0.39624077
0.34635901
0.33369038
0.19240843
0.39806876
0.29772171
0.42807651
0.26528502
0.25761256
0.39790815
0.24007042
0.30565757
0.23953894
0.30823308
0.34088263
0.28497452
0.28072315
0.30735743
0.31558734
0.45453125
0.36623406
0.38049376
0.41818991
0.25245011
0.27085114
0.22910208
0.33374941
0.30262312
0.19369629
0.35118520
0.30382371
0.29572141
0.30486104
0.26553383
0.35448694
0.26385915
0.29610381
0.31224531
0.31606129
0.39641216
0.33455577
0.40060750
0.29378307
0.35051662
0.42425573
0.26858872
0.22280118
0.28152907
0.37811002
0.31121448
0.47995740
0.40901586
0.45761737
0.27486083
0.32358533
0.25355479
0.31122410
0.39388692
0.50494874
0.34010884
0.29196817
0.27763733
0.36445916
0.32928097
0.30895555
0.25006425
0.41677329
0.34905574
0.31681168
0.29654771
0.37859491
0.33334666
0.35215202
0.29679745
0.26556566
0.24008691
0.26855582
0.31246555
0.28921342
0.33382481
0.33188659
0.38429189
0.34377122
0.40312809
0.32886338
0.33851886
0.37009332
0.33828712
0.26809222
0.32741898
0.27774876
0.26886085
0.35571620
0.43367916
0.33584595
0.43583605
0.31603894
0.26229075
0.42458105
0.42550856
0.35774788
0.35276520
0.30234295
0.24221936
0.27499735
0.26454923
0.26572391
0.24009857
0.33716097
0.25940835
0.36874384
0.29948276
0.40303305
0.24121954
0.35732651
0.28902698
0.36533985
0.23058212
0.31534603
0.31383485
0.21081978
0.26440182
0.29479301
0.36369330
0.37059450
0.36155075
0.36800268
0.20776170
0.21188146
0.27421540
0.45516527
0.34682909
0.28708607
0.41994143
0.26272082
0.37605846
0.29018003
0.36440581
0.37968534
0.33593342
0.25808966
0.30006933
0.24203822
0.26729009
0.30527854
0.43360400
0.35924694
0.23964982
0.34227774
0.26066482
0.32517821
0.32848647
0.48685241
0.29505655
0.43451339
0.28562748
0.34918892
0.39453697
0.26430869
0.31377184
0.32161903
0.24428459
0.31613573
0.27245551
0.27420050
0.26655322
0.27857983
0.25126940
0.33146161
0.23025812
0.29069337
0.29956418
0.32098439
0.33792162
0.29310572
0.25661978
0.39821929
0.27398372
0.29863411
0.34862030
0.25086373
0.31522858
0.35162592
0.25038821
0.22414589
0.23223099
0.39413494
0.26749805
0.39533633
0.32830516
0.26705772
0.26787302
0.30049863
0.39580032
0.32605892
0.40182173
0.37836617
0.45955551
0.20750679
0.32987309
0.30927664
0.31788486
0.27847558
0.25222725
0.25457150
0.25223678
0.32974970
0.36117500
0.24594709
0.30126137
0.23309419
0.31468004
0.31168610
0.37599078
0.40308812
0.32496318
0.33714589
0.40205523
0.33522537
0.33994979
0.24118115
0.24956979
0.25420558
0.27145970
0.24749263
0.35477698
0.27369639
0.35579866
0.26687327
0.23763072
0.11555661
0.19483548
0.24088840
0.23441733
0.31597137
0.46377158
0.35116744
0.34194422
0.28521076
0.32103917
0.25601673
0.10741577
0.21273598
0.31723952
0.32679528
0.27450597
0.26458871
0.30939341
0.32287955
0.32196808
0.20363495
0.26261753
0.38145933
0.36866230
0.27403033
0.27071768
0.25681880
0.18651238
0.25656018
0.33109939
0.36458188
0.22896485
0.55010206
0.24855055
0.25162685
0.25441074
0.22519340
0.24772066
0.33831614
0.22992449
0.27712291
0.34662867
0.23750100
0.28093082
0.17795323
0.22840738
0.36578143
0.21887843
0.30851066
0.30487978
0.25372487
0.13124938
0.24835756
0.28394017
0.23890501
0.28179443
0.25212336
0.34012347
0.37997720
0.29404807
0.32834333
0.13079552
0.38985211
0.41304350
0.33210933
0.33389542
0.38781762
0.27438793
0.34129408
0.33161199
0.25469267
0.22039428
0.28430164
0.22567053
0.24004272
0.38239276
0.33276409
0.32151371
0.30785042
0.42421722
0.38293394
0.34852898
0.34268922
0.40852392
0.38891235
0.27215183
0.25803715
0.19708702
0.30943400
0.37335134
0.25381923
0.30925843
0.27660352
0.29788643
0.22217822
0.29412904
0.25679946
0.33516270
0.25217927
0.33501032
0.14329177
0.35061473
0.19836870
0.22863793
0.23347676
0.31042939
0.32371300
0.38084882
0.26772234
0.29644892
0.23883855
0.31803632
0.26645240
0.24025372
0.30842370
0.19098450
0.27450126
0.40884548
0.34155223
0.35051179
0.31331569
0.26925918
0.27690929
0.34341043
0.19618216
0.23310640
0.27595860
0.31574091
0.34312817
0.27289259
0.28455094
0.43497902
0.27099755
0.29727352
0.24212413
0.37936637
0.26761469
0.28020394
0.31196302
0.30010226
0.21699443
0.23602667
0.35764626
0.32902136
0.33984122
0.44232106
0.33851808
0.33448184
0.33305985
0.23537949
0.25015584
0.25861526
0.28313512
0.38853574
0.34609097
0.37531510
0.32529682
0.25409883
0.23642080
0.24582173
0.31983283
0.18260583
0.19505012
0.32311678
0.29449564
0.25718048
0.40309709
0.17024934
0.30799773
0.32703289
0.14837919
0.21063359
0.41216081
0.42586201
0.22888581
0.32731515
0.39325297
0.49732861
0.43026268
0.37563062
0.17788807
0.27994901
0.25794947
0.29348889
0.31219104
0.28067073
0.33556315
0.37949437
0.25150344
0.36382943
0.30943197
0.28225577
0.34067205
0.30221033
0.32743150
0.34259969
0.30172426
0.40817797
0.34289318
0.32316002
0.17103836
0.48867452
0.24545044
0.28586680
0.45228863
0.31872970
0.31641144
0.30788022
0.32853365
0.33301944
0.40516710
0.33604047
0.32268143
0.32591397
0.43325835
0.23177768
0.32162726
0.35537255
0.28621227
0.28566021
0.19770373
0.23065196
0.20653555
0.42412269
0.46780619
0.26752940
0.39041305
0.37292105
0.39129588
0.22831145
0.30374816
0.26767543
0.30781800
0.26542291
0.17375644
0.46852019
0.52759528
0.35544580
0.41037023
0.30328280
0.30189592
0.23207177
0.39703369
0.33107820
0.31352189
0.45470369
0.27702576
0.26534116
0.30031180
0.27961847
0.26473308
0.32811666
0.33410275
0.33571482
0.30408365
0.39743185
0.22608063
0.35037616
0.36986688
0.28736323
0.19324307
0.37196672
0.49012417
0.26581818
0.38588625
0.24785396
0.25175118
0.39927149
0.41862112
0.30831400
0.27757260
0.19380090
0.22293288
0.37154341
0.28308761
0.28200433
0.25563073
0.29878411
0.34476876
0.26371107
0.14293569
0.29804167
0.21724740
0.33241218
0.20202139
0.24117747
0.33098078
0.42091730
0.25312227
0.18156901
0.37642795
0.26406989
0.35065416
0.16920036
0.29019669
0.39622629
0.25240529
0.43753505
0.31474975
0.32822263
0.27450871
0.31703413
0.27668169
0.38566324
0.25964069
0.38441181
0.38324767
0.35658878
0.21207616
0.30272976
0.24204272
0.32239711
0.22351284
0.40462872
0.42220208
0.35970855
0.29295325
0.27928737
0.27458680
0.27880085
0.20966756
0.33758494
0.20094737
0.48794538
0.36681807
0.21325150
0.36638021
0.22834030
0.21080795
0.38289577
0.18287924
0.34946042
0.43396381
0.32851875
0.43525159
0.34681708
0.30715036
0.20743071
0.27070111
0.31510580
