2.30201006
2.30553436
2.29859304
2.29772186
2.29734588
2.29298019
2.30352449
2.28640223
2.28848314
2.28843045
2.27819347
2.29733729
2.27290392
2.24677753
2.25773501
2.24896002
2.20607877
2.22459221
2.14262724
2.15685320
2.13234615
2.10294986
2.19399834
2.22637224
2.16786194
2.15594840
2.13947487
2.07415438
2.13861227
2.04380035
2.11194515
2.12158585
2.07947993
2.07114840
2.10760403
1.97690165
2.01445580
2.01756573
2.04851413
2.04941750
2.11157656
1.98712635
1.96408927
2.11641598
1.91270912
2.01470494
2.08138561
1.94350338
1.91975605
1.96677208
1.95802593
1.92605269
2.04352903
2.00064182
1.89015913
1.96221590
1.96317708
1.92828345
2.00621557
2.11922312
1.94272268
1.96132517
1.96696031
1.99975181
1.93525386
2.06472611
1.96527624
2.02317524
2.00180221
1.91316044
1.95607996
2.03902864
1.88772655
1.79219341
1.97491550
1.97307420
2.00276184
1.98912466
1.91059089
2.01488662
1.84487271
1.99346840
2.08050323
1.90314174
2.05370569
1.90861654
1.97999454
2.16629958
1.89109063
1.87680805
1.95804417
1.98440766
2.00288057
1.97601748
1.95799947
1.81711566
1.95483613
1.87500024
1.91730118
1.96458197
1.96411633
1.81484759
1.95488453
1.83680749
1.82146966
1.94497490
1.87591887
1.88722491
2.01893258
1.88049042
1.86640322
1.92995954
1.91940188
1.84270287
1.82881284
1.92653191
1.90807045
1.85084677
1.91927588
1.87950253
1.83133984
1.94208407
1.77539754
1.90554070
2.01118755
1.78224874
1.86068344
1.81288242
1.80636573
1.96832383
2.02322173
1.87079835
1.89704895
1.82179391
2.01605940
1.72236598
1.96247458
1.91189229
1.93799949
1.95575273
1.85692525
1.93346071
1.91812110
1.93897939
1.82053733
1.91295040
1.83470297
1.87631953
1.90889859
1.81943130
1.81889749
1.73570979
1.87183499
1.79822373
1.88453150
1.90440762
1.76695597
1.96526384
1.83956146
1.85265446
1.71624184
1.81344676
1.76393676
1.76824844
1.80414510
1.68172240
1.79896832
1.91736794
1.86201024
1.81569815
1.83589959
1.84564376
1.78331852
1.74488151
1.82991695
1.76259303
1.77695394
1.78947997
1.92850578
1.81794870
1.75670075
1.71243024
1.76191556
1.77508998
1.69837189
1.69633269
1.61626697
1.71891284
1.75188446
1.75147331
1.81809366
1.73252273
1.86806524
1.75104678
1.71306872
1.85005450
1.98704576
1.77424121
1.80825210
1.73494077
1.73124123
1.88229084
1.70299745
1.75157166
1.83226895
1.72543693
1.83288288
1.76946747
1.87714851
1.70808601
1.76126838
1.70569682
1.79304624
1.66468978
1.57607293
1.72093594
1.71092188
1.86399376
1.70862889
1.85717392
1.72113919
1.67105818
1.65005517
1.81526661
1.73901355
1.65213192
1.56695294
1.64484262
1.58232534
1.71452975
1.66484082
1.68858719
1.61258221
1.68145275
1.61279285
1.62617445
1.44732249
1.54479265
1.63848400
1.92697632
1.70050716
1.64770484
1.76504862
1.85728073
1.81603217
1.68457687
1.67260242
1.74629354
1.69993591
1.57565355
1.75214791
1.74665070
1.90361607
1.71457458
1.69900489
1.51408768
1.61799610
1.66204751
1.65574908
1.63517213
1.67228019
1.63424766
1.57334352
1.65411139
1.63346934
1.70021141
1.71903586
1.66702962
1.59861803
1.63295960
1.59170651
1.77641487
1.67592347
1.54297376
1.72556973
1.53545451
1.65313435
1.66209483
1.66822994
1.58287239
1.58493960
1.64459682
1.69990253
1.70034146
1.60073066
1.68231153
1.75196362
1.65132022
1.61426675
1.79657841
1.62552083
1.88588309
1.70338106
1.63935018
1.64731765
1.53194606
1.68825305
1.56663311
1.47393823
1.66607666
1.72974610
1.48093152
1.54986525
1.52730012
1.55368423
1.54134321
1.59687591
1.48736215
1.72947788
1.51727784
1.71401906
1.58649325
1.73959160
1.80625653
1.49460745
1.65405083
1.71356189
1.65318918
1.46944761
1.64063835
1.57061601
1.63481557
1.70886552
1.74155545
1.40941203
1.56761384
1.62456310
1.58247137
1.42457581
1.67679989
1.54171610
1.60690820
1.59985852
1.61254203
1.67227745
1.58976340
1.59797072
1.39498854
1.71448803
1.65666652
1.58032537
1.55079675
1.51938486
1.69035840
1.50189412
1.51297152
1.65674114
1.59430742
1.53137469
1.44530416
1.54502189
1.53210092
1.65316057
1.53408790
1.68015790
1.43500257
1.72492111
1.53844845
1.54801714
1.57642102
1.65031850
1.47016692
1.68445992
1.62563872
1.54206371
1.61879849
1.51728821
1.72191989
1.45344424
1.51375127
1.60691547
1.62461662
1.52103233
1.58160722
1.62473774
1.46395373
1.55016375
1.61789548
1.55708063
1.53977132
1.41533422
1.50745034
1.52614737
1.60086191
1.57405066
1.77177250
1.57703614
1.55869031
1.64908934
1.46570826
1.47092211
1.51147890
1.50431728
1.43200743
1.51780796
1.38214433
1.42672896
1.59405148
1.61360908
1.41344404
1.56874108
1.50582802
1.69352281
1.72841501
1.55357385
1.37065005
1.50346124
1.55781245
1.52842140
1.46903944
1.55488932
1.31696248
1.53106534
1.45797682
1.70607960
1.38716030
1.43485117
1.65709805
1.52702165
1.46877527
1.42154598
1.56193566
1.51495194
1.48006475
1.54149246
1.64477277
1.43238890
1.44980764
1.52089703
1.48371673
1.42361164
1.59580994
1.71354175
1.49431705
1.38931084
1.60759962
1.39667153
1.66491842
1.48154950
1.58515930
1.51092494
1.50406587
1.38081694
1.51705921
1.49961066
1.58950162
1.45446944
1.56212091
1.70516682
1.54566979
1.51319802
1.45237780
1.36725736
1.57335067
1.39059544
1.43832576
1.53132093
1.49562633
1.59935689
1.42917025
1.54049015
1.58431697
1.65026152
1.63183904
1.55548644
1.41232300
1.53344941
1.45978308
1.53100765
1.58632922
1.40533781
1.54570007
1.47868919
1.58475864
1.48117840
1.56348348
1.51553428
1.52324331
1.47910833
1.45226550
1.37026978
1.62644804
1.40860879
1.52240157
1.35559261
1.45512605
1.50145555
1.41458631
1.46657705
1.34801936
1.36487436
1.60642278
1.56536174
1.54228759
1.45592904
1.56896925
1.38162112
1.36304665
1.34393775
1.36615562
1.37476182
1.37339425
1.50752020
1.45289218
1.40957570
1.35123050
1.49156594
1.54148316
1.54702568
1.53106987
1.62589049
1.54173446
1.40056467
1.43077457
1.58199501
1.67684591
1.54115307
1.50012004
1.46905160
1.47409368
1.66900611
1.46654606
1.58226848
1.29409266
1.44652796
1.44663882
1.48803806
1.35400558
1.51097393
1.31935978
1.57891464
1.49932504
1.51252437
1.40357089
1.59426296
1.46529019
1.39921427
1.16817725
1.41722465
1.33874702
1.54349387
1.39727521
1.32252967
1.52438366
1.45346987
1.40120625
1.37833631
1.43910837
1.33152413
1.43780255
1.47689843
1.33982801
1.43381262
1.35622060
1.47335792
1.45521045
1.58555627
1.50416458
1.46886241
1.29983330
1.39708948
1.31559384
1.40138268
1.45126021
1.42389703
1.42955601
1.45268941
1.34531116
1.51358259
1.46494174
1.46417594
1.50586414
1.57330024
1.48579431
1.40175164
1.40537441
1.45808375
1.45524573
1.54557872
1.46759045
1.30524182
1.30838919
1.46494162
1.46667278
1.35405660
1.43535578
1.40026796
1.50660908
1.48385787
1.42684937
1.37728047
1.50166845
1.46116138
1.59979129
1.46444917
1.32609844
1.55443835
1.50467420
1.33273494
1.42822790
1.38458025
1.50099862
1.42884433
1.36479354
1.40557480
1.32118249
1.45736742
1.31189656
1.32171738
1.51496100
1.30711508
1.29215467
1.35208130
1.42789125
1.37884045
1.33539486
1.47189188
1.38060904
1.26470149
1.50239468
1.36770844
1.46813798
1.45885181
1.33637297
1.34578645
1.38061965
1.40057278
1.25710630
1.45815349
1.30733871
1.44628453
1.42949271
1.51408052
1.36041594
1.28099275
1.30607998
1.38967776
1.46163726
1.44283032
1.33653533
1.43511224
1.38113785
1.56898832
1.31313062
1.30676842
1.38910151
1.38517857
1.31754327
1.25527108
1.34719741
1.36814690
1.47718799
1.31162357
1.24681020
1.56134844
1.46656501
1.38412690
1.41998267
1.34722376
1.21095526
1.31353831
1.36102724
1.50105214
1.51944184
1.17082250
1.39604735
1.26582575
1.30633545
1.35234094
1.20385027
1.17957771
1.17850113
1.33290565
1.27327955
1.29118705
1.42762685
1.53470600
1.36150146
1.31858253
1.56827343
1.12658501
1.33904207
1.59747839
1.34589970
1.37912238
1.40832365
1.47334290
1.27402568
1.27803206
1.45105970
1.29596686
1.42975628
1.35546422
1.12259531
1.40300918
1.31108165
1.32064652
1.29751468
1.14700627
1.26697624
1.46895421
1.31277537
1.33628750
1.54265869
1.37088013
1.37720895
1.28014576
1.25886154
1.22104549
1.32717359
1.44420719
1.48953414
1.37299705
1.37761295
1.39639521
1.40832639
1.26425600
1.37697148
1.26727414
1.32617235
1.41008663
1.26461291
1.23921323
1.50263882
1.51899862
1.28334212
1.31832933
1.26458073
1.38628745
1.48131585
1.39331913
1.26517403
1.31533575
1.42094779
1.23615634
1.20436382
1.51362062
1.40762353
1.20367074
1.25867200
1.42082357
1.36308420
1.15140653
1.11946082
1.45668530
1.42542470
1.31278789
1.37418914
1.31191611
1.20347774
1.32557440
1.21783066
1.36849451
1.36699605
1.25963449
1.25552487
1.40667868
1.25344157
1.31022453
1.27936399
1.28662181
1.40619850
1.20604134
1.12369132
1.26034307
1.37811399
1.21185780
1.21856332
1.17012668
1.31363368
1.30000103
1.14376819
1.42314303
1.38473535
1.26554561
1.28770161
1.35709190
1.25064826
1.31948209
1.20331001
1.50223911
1.28676808
1.26858866
1.40540528
1.41614008
1.27995813
1.24436867
1.19070089
1.38352084
1.31344128
1.22280145
1.33396220
1.36314118
1.36746597
1.32946908
1.22331476
1.43137026
1.38615751
1.29023349
1.20830226
1.31879127
1.29983306
1.12079525
1.36645961
1.25772858
1.10475850
1.22288847
1.47259748
1.19594669
1.35827851
1.34289908
1.23704302
1.27143645
1.32713437
1.18777561
1.28309703
1.24709284
1.30627704
1.30696332
1.31615222
1.26711190
1.25520062
1.23152804
1.40464866
1.23893094
1.27010441
1.20860600
1.14184701
1.17145061
1.43687558
1.28380609
1.22238624
1.30663872
1.28035736
1.32837915
1.41396022
1.25217974
1.32767498
1.41512918
1.27764440
1.32138300
1.26168311
1.28807068
1.20875525
1.38170493
1.27816463
1.43627369
1.12707734
1.25313711
1.23546076
1.23050570
1.21556950
1.20397246
1.25774312
1.19223118
1.31650710
1.43949640
1.19842398
1.28107023
1.34352148
1.42351365
1.30098820
1.06044745
1.14129961
1.29926097
1.38470149
1.27727818
1.35592961
1.24558282
1.36919856
1.21424711
1.31490099
1.22010863
1.18009853
1.15963340
1.47130275
1.27991903
1.37158394
1.16014326
1.39298677
1.39480114
1.17173159
1.23528004
1.42472863
1.14481747
1.21950352
1.25146556
1.17230511
1.17363644
1.28761911
1.37151074
1.39384937
1.17379594
1.33555520
1.18643761
1.14415836
1.30281496
1.31797421
1.17120707
1.22682130
1.25800264
1.37790346
1.35420561
1.30459094
1.33207142
1.25818384
1.32108212
1.24013817
1.38786125
1.16772473
1.37811971
1.32726097
1.17152619
1.12605715
1.21814656
1.33513260
1.36696124
1.36383629
1.25665033
1.41665101
1.28696609
1.24816108
1.26596761
1.25575721
1.43080354
1.22397923
1.18366265
1.37086427
1.17450666
1.30531526
1.23022926
1.31722498
1.34563565
1.16587067
1.29276431
1.22133970
1.23871207
1.28656840
1.22210360
1.29222870
1.44084024
1.25159359
1.14809167
1.20236111
1.43013263
1.24924827
1.12041092
1.31414485
1.18145835
1.27749419
1.37430215
1.27471066
1.24687624
1.17405033
1.19258857
1.17500496
1.07328176
1.32937217
1.18787241
1.18787861
1.33085585
1.17709649
1.19418228
1.19120216
1.13215160
1.18660212
1.35686755
1.31100655
1.11313319
1.14327276
1.14135361
1.18605876
1.31199765
1.22791076
1.18882620
1.27501857
1.27416432
1.19622660
1.21071839
1.38219523
1.30737436
1.21669650
1.36405492
1.21775937
1.11337590
1.21892834
1.27684522
1.34168959
1.14239824
1.11544228
1.26041746
1.23897541
1.21288705
1.23265946
1.24846733
1.22498250
1.30406547
1.19759381
1.24503624
1.28223491
1.24560738
1.14474940
1.16686082
1.22979999
1.16006351
1.11246252
1.17830491
1.12338972
1.21474361
1.23486757
1.09481204
1.15074539
1.25268304
1.16687512
1.45763969
1.25762689
1.27697206
1.09051573
1.14895058
1.16792178
1.26496303
1.35689664
1.31797719
1.18338525
1.33668387
1.18201137
1.14216518
1.20204306
1.19267392
1.15356100
1.18025804
0.99643624
1.31120801
1.20231533
1.21275282
1.26032972
1.25325513
1.27449417
1.17606461
1.15733433
1.15981293
1.19984007
1.34945822
1.20145845
1.11031818
1.18121076
1.18750882
1.12985575
1.10841417
1.16590691
1.26315022
1.33861256
1.07464039
1.27042282
1.09518075
1.18427682
1.18385208
1.44368505
1.01357675
1.11993504
1.20526731
1.17258358
1.24167252
1.19676757
1.08817554
1.10698330
1.24639046
1.20979261
1.00716805
1.29898906
1.17599964
1.07277775
1.01626897
1.10075927
1.35381675
1.19253564
1.27959871
1.35060334
1.07610297
1.24933589
1.10533834
1.04036283
1.16422558
1.15841317
1.08480442
1.09345579
1.13967955
1.32652950
1.21116424
1.30857062
1.14261699
1.21046615
1.21325684
1.10214496
1.17330456
1.18419957
1.32452238
1.10786104
1.07360983
1.26529574
1.31103551
0.98537689
1.07569098
1.15025151
1.08960557
1.18607068
1.20405567
1.14485729
1.04788518
1.30646634
1.14459276
1.17773962
1.12034786
1.22582924
1.14631319
1.28345573
1.10459709
1.30701804
1.24266577
1.27625799
1.05277705
1.11737633
1.23329878
1.26501262
1.11413383
0.99648345
1.21979356
1.14282680
1.08467913
1.16325700
1.07128847
1.16286755
0.95094097
1.15757871
1.19911945
1.17631805
1.24477339
1.36707544
1.14546537
1.08056569
1.15103233
1.27950013
1.17720795
1.17266273
1.21449542
1.27425265
1.19673157
1.15480185
0.94273913
1.26407897
1.08923411
1.12210691
1.31219912
1.15411162
1.13203096
1.03086042
1.15719402
1.34575057
1.15230203
1.19045615
1.28273749
1.03824532
1.05908275
1.20716572
1.28674507
1.16477084
1.13575029
1.18102777
1.01423550
1.13909101
1.21210122
1.17545903
1.00026000
1.05296695
1.14443612
1.04946756
1.20589757
1.19466162
1.09214211
1.14548182
0.97506785
1.16117024
1.18570936
1.13046288
1.06356406
1.16465211
1.23831046
1.07804966
1.02367842
1.20521700
1.08187306
1.19603789
0.96812427
1.12431765
1.29589033
1.03041136
1.02124953
1.09855163
1.11845255
1.16870439
1.08549833
1.09152782
1.19146395
1.15486956
1.18877578
1.28354037
1.14089680
1.10885608
1.06955898
1.08126128
1.26418352
1.08850908
1.01600468
1.12133729
1.06125486
1.25007606
1.08087611
1.06237042
0.97698832
1.26104820
1.10905290
1.09805250
1.10300446
1.13574171
1.26081669
1.08559608
1.25468552
1.22752404
1.17288876
1.05936897
1.01303649
1.23540699
1.05835962
1.14420235
1.12313044
1.16302299
1.24165845
1.11566997
1.17830205
1.15690231
1.18589282
1.30875552
1.19097602
1.23129106
1.05329716
1.23238528
1.07386529
1.02850032
1.22750950
1.03150654
1.24714828
1.17849970
1.12579250
1.08370376
1.22992826
1.12587857
1.14895236
1.26131654
1.18180537
1.05072546
1.22131777
1.22136319
1.16224813
1.08699358
1.05152297
1.13715482
1.25718546
1.05737138
1.21439862
1.25519586
1.03339911
1.12566924
1.01414716
1.06920183
1.08811522
1.15624356
1.14740705
1.02603817
1.30566263
1.03215146
1.06073308
1.21524382
1.26210904
0.98710942
1.21818614
1.06045449
1.07400322
1.11888611
1.26813149
1.38459444
1.06965065
1.14286542
1.21190262
1.22614789
1.17081618
1.03073537
1.23427296
1.21907854
1.13157725
1.10410213
1.08501899
1.17050946
1.49858177
1.18826962
1.09505796
1.23124266
1.07858324
1.13030267
1.26716256
1.22422087
1.29104841
1.27119207
1.23949122
1.20139217
1.05049300
1.12972665
1.19320238
1.07023501
1.14064193
1.16571033
1.34306622
1.10553694
1.11889005
1.15485358
1.08797812
1.20960569
1.15003383
1.18681097
1.15009558
1.10481668
1.29884541
1.20592797
1.02427542
1.11114085
0.97761405
1.07168806
1.06992579
1.07712936
1.17662048
1.18725502
1.21628511
1.28832543
1.12877655
1.08787525
1.03069735
0.85886168
0.96890515
1.09665251
1.27185726
1.28330302
0.95403636
1.04621410
1.02201939
1.09457541
1.16884565
1.13488102
0.90690434
1.15428948
1.18558061
1.28671682
1.12766433
1.22536170
1.20128345
1.16953325
1.16014552
1.06134868
1.02279592
1.20082664
1.08848798
1.08529615
1.11877632
1.28176785
1.00561368
1.11646807
1.17745519
1.07553816
1.00409961
1.03928757
1.02302885
0.78608227
1.07745409
1.05318236
0.87541842
1.01730168
1.03923202
1.26246786
1.21228862
1.02102625
1.00413656
1.03247929
1.20918238
1.01760256
1.19146180
1.08231187
0.97880906
1.16558504
1.08037746
1.13710761
1.07964599
1.04145956
1.09477007
1.04322433
1.11533856
1.01592696
0.98564291
0.96893156
0.84090757
1.22975338
0.97466755
1.11740184
1.18733644
0.95761681
1.32212567
1.11652172
1.11769176
0.97768480
1.29462171
1.15850973
1.21565461
1.02833235
0.99599624
0.97339249
1.05493307
1.07096231
1.02243853
1.14332271
1.21886683
1.08313155
1.18592072
1.05276680
1.04015279
1.01937807
1.15691042
1.16604924
1.12029743
1.08707190
1.04910374
1.06922626
1.09592891
1.05862284
1.37405205
1.14561677
0.99484038
1.08209503
1.20513177
0.94140530
1.03183270
1.14982438
1.06810236
1.00612366
1.10598207
0.98785245
1.16167927
1.00564992
0.95443702
1.02160144
0.94703740
1.20717061
0.92672718
1.40319538
1.20681238
1.02351594
1.22099161
1.29063749
0.93401092
1.19045746
1.13806415
1.08193350
1.30847430
1.11978531
0.96382129
1.03443897
0.96180153
1.22668374
1.13713717
1.01220536
1.03566897
1.02405381
1.44804835
1.12687063
0.96897238
1.12246180
0.99764013
1.06947088
1.02323031
1.07417488
0.98923802
0.90541673
1.12705898
1.25995493
1.01434064
1.06087136
1.08286548
1.07645774
1.03527689
1.09040260
0.99491143
1.04301667
1.10141718
1.01002347
1.03217888
1.01184464
0.83171260
1.16357422
0.97734720
1.08419287
1.02336359
1.06463468
0.94865954
1.01422286
1.14918876
1.10069346
0.97676653
0.98544747
0.95546484
0.99416471
0.95112634
0.99544907
1.07403135
0.93529642
1.02723348
1.01202452
0.88704050
0.95883441
0.91896957
1.11928058
0.96004522
1.09339142
0.89162147
1.02733433
1.09338188
1.14583421
1.13651276
0.80641806
1.10960579
1.13584399
0.98666704
1.03745031
1.00340772
0.86555147
0.92571819
0.87760305
1.11278701
1.04442596
1.08380771
0.96736050
1.19221091
1.17326486
1.21027851
1.05353236
1.06486440
0.96761048
0.99294627
1.12787545
1.02621484
0.89757282
1.10264802
1.17989922
0.92735124
0.90383273
0.95223272
0.91069299
1.14792252
0.98933661
0.90841961
0.93385804
1.05374599
1.17432332
1.02081418
1.03693557
0.98354530
0.93678910
1.07679749
1.12974668
1.18919873
1.03375244
0.93714654
1.12986457
0.99915683
0.98140508
1.03988528
1.00143647
1.13251364
1.00575328
0.94674093
1.02092671
1.15417409
1.09263349
0.87267852
1.06118870
1.13305378
1.02405620
1.17324483
1.10142732
0.95070368
0.99983114
1.11976016
0.91088730
1.04584599
1.06176639
0.94664752
0.88740587
0.97206962
0.87425792
0.89745116
1.06032681
1.05746818
0.97262108
1.08226216
0.91867965
1.19844902
1.08073509
0.92885387
1.05921745
0.95572555
0.91346025
1.06469345
1.04379940
0.94130874
0.89464086
1.25972962
1.07034111
0.84541720
1.05578840
1.03724384
1.09725249
0.91430867
1.03945792
1.15401697
1.08870900
1.10005069
1.00124836
1.25115418
1.07415819
1.06690586
0.99098289
1.05236840
1.02931023
1.03920186
1.08757257
1.07693005
1.00495708
0.93612534
1.01179814
0.90403205
0.99343002
1.07318723
1.04025769
1.09632170
1.03938425
0.98564428
0.81653953
1.15580225
0.97619796
0.96591008
1.14228582
0.92256832
0.91871393
0.97350729
1.06303644
0.83872557
1.01668334
0.95436323
0.89052260
0.98192078
1.05071795
0.94715774
1.01463556
0.99622792
0.99020523
0.96879536
0.88304126
0.77384466
0.97654545
1.06829906
0.96277386
1.01191366
1.05741704
0.87629634
1.09454250
1.04595447
0.94264930
0.99665844
1.01231778
1.03884459
0.83900869
1.01507306
0.82906556
0.95216453
1.18651414
1.12659574
1.21741796
1.11935389
1.12443876
1.20962453
1.10943484
0.98282003
0.88495135
0.99154973
1.28900528
1.19709241
1.14991474
1.06669033
1.06260574
0.99326777
1.12062502
1.11940086
0.84721702
1.01348972
0.95579088
1.02303314
1.05573559
1.00710535
0.85570681
0.91342825
1.11242199
1.14445257
0.97844541
0.88902915
1.00302160
1.26546836
0.86298633
0.91618180
1.08432436
0.81221473
0.99344587
1.02367699
1.02030182
1.07000709
0.90362132
0.71810359
0.90126175
0.96632409
0.99007320
0.90528738
1.08186436
0.93113899
1.20186436
0.96332359
1.06061602
0.85628176
1.08156300
1.01617479
0.87618017
1.03933239
0.93796265
0.97731674
0.98722059
0.92580307
0.99833429
0.99153560
0.88303864
0.82623982
0.98535329
0.94459939
0.84756517
0.87080514
0.92151958
1.03080702
1.17733169
0.69830465
0.96238899
0.79175782
0.98502076
0.99427468
1.02511251
1.03874886
1.16271186
1.06319857
0.97370595
0.89426899
0.82500851
0.89177185
0.97668493
0.93698597
0.99144566
0.87325668
0.92261297
0.94982886
0.94183195
1.04179859
0.89733636
1.01237214
0.93010324
1.02696061
0.93626606
0.84867394
0.88306105
1.03105736
1.10080826
0.97581434
0.92500859
0.87829065
0.84277642
1.16754436
1.08904171
0.94928885
0.93873811
1.11083674
1.04238653
0.94085300
1.20110679
1.09763122
1.13907957
0.98554611
1.00300682
1.12684166
0.97155869
0.87059426
1.06713223
0.92678297
0.96468884
1.00998533
1.09038925
1.05473781
0.96940017
0.99409652
0.91424710
0.96476769
0.82266766
1.20242929
0.90963900
1.00771630
1.15278447
0.95949531
0.86483443
1.00393713
1.02923024
0.91043556
0.86904883
1.00704980
0.89874101
0.96501637
0.90448236
0.87437534
0.97380865
0.89307594
0.97694957
0.98248625
0.89032090
0.97315669
0.87641108
1.02638125
1.22483134
1.11243081
0.88756490
0.82534993
0.97741234
0.99176943
0.99534619
0.74596286
0.80188340
0.94746166
0.90992957
0.91217142
0.94692171
1.09890056
1.14728618
0.95486224
0.98194414
0.90359277
1.00284183
0.82382870
0.82577121
0.91114420
0.86669505
1.03145421
0.93767262
0.84503204
0.97110492
1.04180396
0.91944170
0.94522285
0.80204368
1.09762335
0.95894700
0.98579913
0.97821712
1.06482482
1.08566833
1.08325410
0.89872772
0.81913728
0.99274397
0.91789013
0.97097683
0.87662816
0.98743629
1.00717521
0.91704619
0.88951707
1.00420547
0.97841579
0.83297098
0.89909661
0.96545202
1.03559852
0.91834617
1.03249288
0.91565770
0.98919821
0.98221576
0.97680306
0.84668332
0.90806782
1.03503001
0.95196509
0.91375017
1.09283435
1.05140281
0.77855319
0.78965056
0.86650717
1.09779644
0.86979115
0.91719842
0.94527966
0.70620114
0.90250051
0.75982094
0.98434299
0.79479682
1.00356591
0.98394674
0.84972394
1.02737522
0.97887146
0.96071148
0.87358922
0.98165166
0.90452319
1.02846885
1.00389910
0.93161768
0.97295308
0.82949424
0.83219087
0.91434300
1.01897633
0.94626498
0.72517705
1.11379218
0.98965269
1.06732857
0.71268815
0.97213322
0.91406977
0.77680016
0.82658136
0.82539773
0.76686132
0.89201754
0.99535543
0.90226001
1.13301039
0.91866028
0.81516469
0.89555615
0.91929519
0.95163178
0.82775581
0.83546340
0.93884361
0.90713340
0.89469892
0.89967114
1.01399565
0.67791927
0.92854118
1.00285339
0.91598183
0.84559768
0.92233193
0.75642073
0.90119123
0.89423978
1.02822232
0.90419304
0.79508686
0.82227254
0.88360000
0.87474507
0.73241490
0.88253510
1.08173537
0.96047926
0.89588052
0.85513341
0.95849955
0.90276712
1.04607809
0.95413691
0.79604292
1.05469441
0.93684053
0.95506680
0.98391503
0.96868271
0.84627020
0.92141092
0.76845807
0.77908373
0.86525750
1.05586481
0.96217221
1.07882643
0.86663538
1.01362789
0.96378714
0.79034412
1.08230758
0.93518347
0.82001412
0.83101463
0.98508805
0.89062977
1.04395223
0.98980129
0.80866826
0.98195589
0.97712523
1.16143608
0.90099800
0.92588866
0.88236344
0.87649280
1.09009409
0.95282590
1.10614765
0.77623296
1.04973197
1.13439012
1.00382435
1.14177239
0.98659718
1.00591707
0.84006524
0.87877154
1.05857015
0.91198850
0.90311885
0.94308728
0.90551883
0.87639230
1.08487809
0.92661518
0.89544344
0.99479872
0.75902212
1.02620912
1.04966998
0.83761621
1.03238046
0.91128922
1.04898405
0.79032898
0.69032061
0.93522990
0.82930076
0.93700969
0.88528490
0.79502475
1.12912965
0.91461807
0.99064022
1.09524679
0.93571234
0.88042641
1.11208558
0.91354334
0.85920703
1.00613642
0.96165347
0.95144922
0.94325387
0.90223503
0.92573130
0.94290119
0.98704892
1.03427052
0.91098273
0.95663792
0.91345304
0.78448784
0.84514439
0.88049769
0.76483178
0.77473426
0.86843008
0.99532795
0.71449602
1.14035964
1.00089002
0.74956214
0.77870464
0.96491367
1.00468433
0.94306880
0.94361079
0.74039596
0.95922601
0.76928455
0.80741054
0.86489189
0.97044778
0.98465228
0.87470382
0.81690657
0.77495074
0.82385075
1.01177311
1.11357081
0.80485678
1.00049973
0.86656427
0.80358207
1.02760708
0.94768667
0.91251886
0.70175034
1.02289462
0.91298932
0.75533843
1.08799350
0.90974879
1.10706067
0.94075704
1.03865790
0.75078690
1.01725841
0.86215794
0.84644055
0.96139455
0.96093386
0.80318785
0.78536451
0.89449710
0.94212592
0.89361894
0.85269302
0.87722301
0.78410846
0.87509012
0.92410636
0.84149456
0.89056242
0.64596975
1.06244004
0.83605051
0.82728332
0.93336296
0.78145987
0.90070432
0.82475162
1.05159461
0.92896283
0.79473454
0.92197275
0.73299533
0.78973186
0.96148443
0.95726526
0.88083231
0.81000257
0.82433766
0.91232991
0.87983561
0.69095272
0.96835840
1.04504240
0.90397209
0.87791044
0.74657118
0.82456028
0.94653213
0.79635262
0.89721113
0.86940134
0.98549461
0.75498223
0.96090382
0.86808777
0.71074587
0.91483235
0.86074996
0.80387497
0.95581686
0.85325629
0.86310685
0.79250574
0.84749395
0.82064497
0.85439241
0.84354222
0.83905053
0.93749213
0.64183545
0.81248248
0.94053161
1.03195238
0.70611352
0.81552249
0.71991575
0.85300785
0.80485523
0.53784102
1.04154253
0.88341367
1.13850927
0.99544531
0.86969399
0.78473711
0.81635284
1.08892584
0.78264415
0.74498832
0.93951726
1.00496757
1.00268817
0.99505210
0.89808178
0.93189025
0.93953753
0.93222564
0.81739330
0.92721206
0.97537577
0.81185168
0.95915812
1.05976748
0.75346810
0.85443282
0.89035153
0.87776232
0.71436441
0.91415703
1.01252973
0.86988437
0.85094321
0.82974279
0.88424492
0.83222270
1.07514119
0.74712312
0.77913851
0.81658894
0.94906342
0.75311619
1.03372073
0.74169505
0.88230097
0.86000550
0.93930668
0.89292854
0.82051575
0.77593857
0.69082719
0.84354579
0.76631498
0.78281897
0.87207121
0.82197285
0.89658046
1.03556943
0.80886525
0.87585151
0.85350376
1.00082111
0.76652950
0.94483733
0.86178255
0.81467295
0.94947660
1.07808018
0.85045677
0.87394238
0.70725024
0.79229045
0.99326646
0.67161149
0.90359956
0.81960666
1.01204705
0.82686222
0.77385843
0.85443902
0.94062710
0.91632026
0.93764460
0.81882244
0.85125160
0.89465410
1.02985203
1.03575408
0.98988736
0.95718664
0.90343702
0.84756929
0.95381141
0.84848917
0.81576437
0.94735783
0.86039209
1.09548497
0.83025444
0.95658773
0.92368674
0.92552930
0.84894401
0.73703468
0.72066182
0.83052325
0.82917303
0.87226260
0.94121468
1.01864779
1.00243545
0.81676841
0.88293368
0.81638503
0.94876456
0.98568523
0.95151854
0.76625115
0.81494880
0.69478917
0.89322823
0.83252978
0.96170747
0.91418147
0.90497363
0.85514843
0.77969062
1.04318786
0.79373944
0.88032717
0.87731254
1.08258736
0.69033015
0.67903638
0.84745979
0.76189286
0.76056564
0.73863155
0.83181405
0.90594935
0.78266323
0.87429434
0.70617676
0.86127508
0.89398897
0.85385996
1.01762319
0.78382403
0.82391512
0.98093915
0.91117525
0.83130360
0.81237245
0.79359525
0.87163019
0.87272984
0.95775366
0.76487398
0.88691175
0.97164136
0.76710260
0.96152681
0.90515208
0.80727232
0.80063629
0.81919265
0.86680198
0.72709996
0.92145312
0.87351072
0.76947767
0.82620066
0.74875456
0.78139377
0.97038227
0.83068585
0.73013502
0.75144356
0.80232894
0.73323965
0.81993234
0.79562235
0.86681753
0.81089652
0.99987078
0.70098794
0.70999575
0.91413939
0.83645236
0.86493981
0.73055482
0.97134650
0.86716557
0.86416960
0.80830342
0.91439521
0.77714765
0.70350301
1.08506942
0.75803220
0.81503642
0.67664969
0.82806504
0.83765966
0.76509660
0.80914044
0.97375029
0.64741951
0.69440663
0.82936573
0.81924957
0.81772530
0.74030650
0.78374732
1.13611960
0.92644745
0.96037847
0.88449931
0.83773649
0.79792893
0.87626064
0.87682569
0.92381126
0.82047796
0.85130650
1.01284671
0.79812777
0.77736640
0.83786565
0.94047695
0.66540325
0.84827101
0.98882234
0.82390362
0.80174005
0.99488717
0.95876938
1.08878922
0.85137165
0.82592422
0.99460346
0.97653890
0.75169384
0.74158120
0.82622862
0.82231987
0.77567697
0.88746768
0.76392120
0.88672924
0.76483190
0.90297461
0.65768927
0.78223163
0.80181712
0.69472975
0.84682041
0.77330393
0.63857079
0.76084375
0.76280928
0.83143997
0.76396400
0.83143479
0.83538461
0.79545438
0.82973683
0.80364847
0.80734348
0.78500068
0.68586147
0.89396954
0.66762024
0.75020552
0.72712928
0.89739048
0.90137410
0.70066738
0.76004326
0.77855003
0.90732765
0.79461592
0.87480569
0.77837336
0.92529005
0.84026349
0.97172612
0.84826440
0.80625814
0.98629808
0.87950152
1.05972934
0.90440881
0.76433742
0.88860816
0.76284993
0.74180371
0.78201187
0.93449634
0.79834247
0.83079720
0.78714180
0.75267518
0.76614535
0.86636186
0.63166159
0.73220301
0.81651926
0.69231486
0.72169513
0.84123588
0.68761516
0.90936351
0.61319363
0.65224731
0.81769407
0.80806386
0.82064152
0.96011037
0.76672077
0.65076792
0.91853511
0.78066838
0.62747014
0.86755294
0.70000362
0.75977767
0.88484949
0.63026536
0.98032200
0.80669332
0.78199416
0.82703936
0.73341322
0.79064751
1.02707517
0.83882511
0.93402004
0.77414238
0.58216476
0.94050813
0.73418701
0.71594083
0.75818670
0.84896779
0.72027081
0.79782784
0.87081760
0.82382929
0.84673315
0.80608690
0.78275424
0.78461081
0.64786327
0.71132910
0.91137230
0.82038796
0.64560145
0.67939508
0.60683954
0.60909581
0.67141092
0.82877690
0.92679477
0.94486892
0.84779853
0.66231656
0.71295440
0.85848194
0.76188242
0.80969447
0.69575107
0.77533412
0.99217230
0.66460907
0.78607821
0.90405196
0.75481653
0.83454931
0.81090182
0.87585223
0.78469849
0.89750731
0.79774272
0.83918309
0.87728196
0.75010943
0.87112415
0.81217515
0.92448670
0.75928783
0.65215814
0.93967903
0.76058614
0.76635754
0.97991991
0.89612091
0.67101359
0.70702648
0.94707841
0.75574398
0.67545956
0.78362662
0.89692032
0.72930944
0.87145555
0.72821033
0.81715947
0.85026968
0.90219426
0.83921051
0.83415979
0.87070262
0.97785783
0.69699526
0.80491960
0.72909319
0.84412521
0.73400974
0.88623381
0.67031527
0.87716830
0.89581549
0.89242893
0.83569461
0.66542304
0.59166825
0.68685138
0.84729147
0.77281177
0.76664251
0.72789574
0.72726440
0.79848349
0.78184235
0.75114876
0.81733155
0.81142080
0.84654671
0.82592678
0.75753474
0.77126396
0.87716854
0.81017816
0.75184923
0.90425056
0.77814543
0.88151336
0.69820422
0.70781279
0.83114839
0.81667817
0.88544959
0.62593341
0.87640876
0.83519161
0.68067718
0.76579785
0.80309284
0.83563572
0.83669531
0.76450884
0.80266851
0.77018231
0.85739446
0.86436844
0.75514579
0.90444398
0.85124087
0.73886240
0.98773730
0.73995972
0.81177920
0.90008777
0.79431260
0.75930035
0.75183225
0.79417968
0.68309045
0.72493863
0.77110839
0.74610662
0.74300003
0.77174032
0.81840658
0.70946157
0.72915053
0.75579405
0.80964410
0.69976181
0.83281302
0.71087521
0.76955628
0.82047200
0.64341664
0.74946499
0.66621816
0.79591680
1.00095510
0.77941841
0.76368821
0.72054279
0.70689446
0.72847271
0.70303291
0.59530067
0.76787454
0.66821504
0.78158271
0.57324690
0.74898517
0.86426353
0.76803076
0.93491626
0.82424366
0.79903227
0.73800832
0.71793163
0.83321148
0.85536647
0.97449267
0.75638628
0.69987929
0.81645012
0.74095529
0.94809103
0.76182890
0.79707730
0.74472195
0.89579523
0.75842643
0.95625222
0.70339298
0.82947844
0.82832944
0.90853179
0.70109499
0.94651556
0.92564654
0.70852882
0.53543508
0.85127586
0.93198228
0.75135237
0.94652408
0.82170010
0.65078938
0.82641155
0.69081783
0.56917346
0.73134965
0.68287230
0.71329004
0.67768669
0.84955394
0.87742823
0.81676990
0.97994018
0.85259056
0.72812760
0.93198341
0.72015405
0.95269877
0.62428218
0.80486357
0.85690868
0.87727576
0.82204348
0.81778300
0.89896834
0.73566711
0.64468944
0.90154189
0.73756003
0.91204691
0.83511865
0.74861687
0.59602767
0.99225885
0.59675384
0.82072568
0.68082392
0.91302288
0.88652599
0.61282635
0.82646924
0.89299077
0.74267697
0.72732759
0.92981076
0.74616504
0.90874553
0.84430897
0.66127914
0.71369177
0.86530995
0.78996778
0.86995554
0.69050348
0.82969308
0.93686521
0.80145413
0.67213649
0.65557069
0.96708292
0.78470874
0.61909205
0.75860965
0.88313586
0.69846261
0.74965513
0.76249564
0.72233284
0.77443522
0.71374494
0.84690773
0.72827864
0.64952427
0.70978862
0.73486584
0.75983536
0.84013784
0.72478956
0.66274846
0.73755729
0.88000035
0.73813736
0.82291746
0.70257986
0.58159590
0.83978480
0.68821889
0.90705121
0.75495178
0.70175076
0.71203947
0.84633934
0.65564048
0.72656810
0.83622169
0.87285638
0.59760851
0.69080180
0.86171323
0.82641309
0.52004147
1.03532124
0.70202339
0.75518548
0.58735073
0.62633276
0.80619115
0.80654097
0.72653604
0.62481368
0.55491549
0.81245393
0.61352241
0.74525392
0.72098315
0.80077958
0.81058508
0.74972010
0.67700696
0.64180225
0.62613475
0.68427527
0.72314936
0.61734110
0.76206851
0.66598701
0.71952599
0.83042836
0.72452772
0.71331614
0.85044175
0.68980730
0.72528315
0.65629911
0.97882092
0.59759903
0.91832030
0.77583146
0.89418203
0.72305459
0.92580110
0.87357461
0.82340097
0.65083981
0.67108452
0.53872764
0.66805023
0.89865339
0.77692288
0.77344155
0.83023489
0.62919724
0.68873465
0.82611084
0.74201030
0.73881620
0.62524891
0.74478388
0.79956681
0.67240989
0.74036545
0.86658603
0.76018953
0.80872077
0.49668229
0.83094829
0.71405888
0.71281284
0.75599843
0.80965257
0.74325347
0.71725935
0.55425054
0.66865104
0.71404636
0.70491630
0.65819293
0.69790554
0.72313941
0.69200766
0.62169063
0.79064173
0.69093615
0.64054960
0.62861919
0.76683247
0.72086954
0.77273130
0.68022573
0.60473520
0.58329850
0.72000277
0.68757987
0.84514606
0.77400458
0.69274217
0.82058179
0.69011837
0.68583381
0.74936575
0.76253349
0.78633451
0.74521434
0.74865532
0.62544930
0.77166229
0.78682965
0.74707103
0.87305295
0.79306114
0.69953275
0.78951848
0.86330616
0.70808256
0.71731317
0.84217465
0.84171498
0.78169483
0.77969253
0.77845389
0.77787435
0.79363453
0.74568683
0.70720959
0.72957087
0.83060014
0.67797291
0.74493116
0.90413630
0.90202498
0.62706846
0.78190798
0.71620762
0.74566174
0.75062764
0.81307745
0.80483264
0.72480577
0.72974461
0.78593946
0.70753706
0.77815700
0.84612340
0.67055357
0.70322287
0.78442395
0.57898426
0.79948527
0.83603895
0.86483121
0.76801008
0.66470903
0.72204763
0.68135959
0.70623755
0.95624387
0.76113605
0.86248839
0.73993194
0.81231630
0.71737921
0.59723097
0.74225104
0.71810764
0.84488332
0.77627516
0.72033471
0.60251033
0.72467828
0.70182133
0.55736673
0.80052727
0.61982822
0.74795938
0.64572769
0.86336476
0.63110161
0.92739403
0.46644968
0.67485094
0.80515528
0.68635410
0.79767460
0.71763784
0.68093067
0.76729250
0.78095675
0.73055768
0.87050366
1.00614667
0.68744355
0.74751413
0.62050867
0.80707866
0.70442986
0.84703100
0.83621162
0.70293367
0.53353751
0.87490368
0.53934360
0.71262330
0.75445729
0.76489091
0.74183095
0.73208141
0.61406815
0.70734626
0.76089656
0.53563321
0.76386571
0.73596376
0.83985573
0.70016825
0.74547076
0.79974413
0.76310945
0.71997046
0.88465893
0.69483519
0.81203765
0.77758026
0.63939929
0.74576640
0.63221192
0.64401078
0.65877187
0.62590313
0.80953121
0.66535342
0.74623770
0.75354314
0.85685295
0.68137205
0.75632787
0.87022412
0.72799075
0.73203290
0.81565177
0.66718674
0.84571958
0.80699575
0.86051756
0.65834844
0.83115536
0.68247384
0.73021078
0.62022889
0.64662397
0.56702799
0.68547457
0.74849468
0.77196056
0.69739056
0.80767417
0.58511639
0.71004701
0.74744284
0.83100545
0.82861948
0.76367742
0.65653622
0.73315549
0.70329767
0.63903046
0.74353707
0.74464732
0.68247318
0.85333085
0.82780713
0.72042900
0.84634870
0.75697690
0.68065077
0.68841648
0.67137301
0.75069225
0.82904375
0.78407776
0.68749344
0.82677096
0.58826965
0.66113806
0.59042788
0.57755727
0.67475837
0.59683186
0.81200010
0.79463315
0.77332658
0.58024204
0.75836569
0.68134689
0.68490171
0.71124309
0.73728907
0.98510301
0.50445712
0.58719009
0.83962363
1.00159419
0.73483539
0.87188232
0.67942059
0.73412520
0.70012474
0.81040561
0.77208668
0.76712763
0.83712816
0.65249050
0.75164974
0.86646122
0.73488927
0.74026239
0.67943436
0.54118520
0.67622453
0.94735098
0.58973873
0.71619874
0.65108430
0.74966973
0.62720692
0.74926829
0.61671948
0.68519986
0.78145051
0.67169809
0.68323302
0.87869596
0.71443987
0.62822497
0.66237801
0.82944453
0.71905172
0.62909579
0.74792558
0.66809750
0.54227412
0.71466684
0.74059892
0.58500403
0.69666076
0.70268953
0.62512082
0.70994496
0.64028549
0.65865171
0.73026937
0.66651917
0.72313434
0.63215685
0.61849135
0.63590205
0.71921873
0.68069887
0.59825218
0.63319778
0.47174388
0.75958419
0.67915249
0.70543349
0.50968957
0.71308661
0.75291800
0.72995770
0.92156482
0.70175093
0.72473633
0.74337208
0.67012370
0.69861484
0.75590706
0.97915655
0.88672000
0.70091367
0.66568935
0.90734422
0.69011289
0.63890672
0.57460213
0.66024131
0.73358738
0.68748879
0.77648574
0.68713969
0.61748779
0.56465781
0.72170544
0.70424199
0.60663891
0.71459943
0.60140967
0.55307949
0.63172501
0.84528404
0.55917215
0.66918516
0.76742601
0.68679273
0.79268181
0.80675048
0.64344907
0.67854470
0.57294381
0.66545546
0.69740272
0.68146449
0.51443315
0.70554507
0.69999999
0.78178030
0.61228740
0.72258496
0.64696437
0.61160868
0.88508904
0.63333428
0.68052220
0.74304616
0.65456825
0.53409839
0.55526131
0.71221042
0.72665858
0.80365068
0.64078569
0.83527172
0.75845176
0.66449654
0.71939218
0.60622406
0.70293355
0.68395448
0.74459457
0.62683296
0.70784295
0.69209516
0.63408887
0.77683222
0.56127441
0.71605462
0.70688748
0.57420653
0.59838903
0.96390438
0.78759754
0.70794648
0.65822023
0.74265075
0.56705487
0.83396417
0.75768143
0.69537526
0.54705751
0.56081319
0.63591379
0.56888592
0.64492601
0.72321749
0.69579518
0.71608692
0.77634144
0.62435865
0.68950611
0.75417113
0.49090865
0.67001307
0.73102075
0.80235898
0.72773820
0.73764825
0.67361677
0.65560949
0.67154264
0.67442918
0.73717582
0.66509521
0.65061736
0.60158575
0.65814716
0.63097787
0.65167850
0.65759385
0.69132727
0.64618921
0.71050537
0.63890469
0.87039363
0.75387597
0.78675461
0.60536778
0.59756351
0.71355581
0.59097582
0.57868850
0.67275161
0.72511238
0.76355195
0.58951211
0.64907992
0.76986945
0.77141386
0.63390458
0.70524943
0.54023564
0.61562514
0.56412506
0.73909891
0.75899625
0.68932784
0.62888682
0.81231868
0.64586771
0.85525584
0.74686873
0.66911376
0.74521917
0.70613539
0.68899083
0.60276961
0.75134867
0.80947047
0.62551993
0.58591688
0.59137207
0.60507202
0.59645402
0.72715962
0.74527383
0.62442374
0.70890105
0.81688893
0.66957855
0.51409954
0.73628294
0.55739254
0.71747756
0.62181389
0.78789824
0.64284974
0.70613837
0.75092590
0.68402898
0.65844142
0.48586619
0.59049439
0.82164896
0.74723816
0.72464764
0.67012894
0.83081758
0.75821704
0.61015010
0.66854036
0.63427448
0.71069562
0.67743421
0.80309600
0.68010157
0.61538649
0.69547611
0.70123935
0.63462955
0.66809231
0.68266571
0.68569255
0.73166096
0.66286534
0.79128003
0.52790010
0.69458330
0.67187071
0.80396366
0.69068903
0.78243196
0.50189894
0.55366731
0.71471673
0.68925768
0.59099984
0.68499815
0.69013125
0.66126561
0.61633205
0.85739195
0.71182793
0.74158990
0.60015112
0.59087688
0.54234308
0.73129702
0.63461041
0.87354863
0.64377427
0.72556782
0.69096661
0.61928761
0.59410846
0.53901982
0.73116904
0.67307371
0.69738936
0.57286388
0.63494456
0.49231344
0.69034314
0.65767479
0.67596579
0.70999694
0.69848645
0.58563507
0.72508693
0.77402234
0.72363496
0.68382996
0.66615582
0.73831773
0.56443399
0.75591588
0.71313119
0.66622144
0.80436337
0.66796768
0.74672031
0.58942264
0.78886193
0.79929829
0.73279715
0.70998275
0.76463205
0.83622557
0.81820488
0.73113292
0.47048116
0.62754560
0.70973498
0.67009711
0.74365735
0.63807219
0.70976448
0.84083748
0.67425764
0.75534248
0.67115247
0.76189923
0.73842704
0.90488601
0.80528635
0.79782063
0.77745241
0.74912214
0.64705068
0.65988517
0.58765697
0.66372752
0.55266178
0.70420545
0.66977715
0.89115012
0.70925325
0.69827092
0.68767959
0.76411885
0.62865746
0.77390075
0.79341882
0.82041526
0.65209103
0.70717752
0.78217351
0.65056509
0.70985359
0.69481266
0.61726236
0.61701840
0.64620548
0.61854118
0.58238435
0.57045412
0.70107573
0.48933601
0.63454235
0.62924206
0.55623287
0.73950827
0.55761915
0.61599684
0.49697310
0.74957252
0.59414285
0.61197108
0.56665277
0.69454074
0.60782278
0.57913649
0.66105884
0.73502368
0.65295029
0.67009795
0.77769041
0.73611587
0.74863243
0.55929112
0.75995100
0.62861431
0.61367798
0.66860759
0.58058226
0.68727690
0.69752496
0.64124459
0.62050438
0.47154617
0.66159576
0.56913435
0.54501951
0.53001142
0.68716788
0.60759103
0.78252399
0.56128699
0.60861552
0.75491190
0.64447558
0.75144923
0.78423440
0.45674616
0.67788827
0.68987226
0.73628098
0.65259147
0.70305371
0.66982865
0.51044106
0.67016804
0.53777647
0.70932651
0.50913376
0.73110533
0.68178368
0.61394608
0.63776606
0.53858751
0.70862663
0.67894459
0.78202063
0.56684852
0.70495534
0.80173421
0.61413085
0.72391486
0.65200281
0.75107872
0.66358262
0.63860279
0.57347423
0.80387861
0.64678669
0.50277841
0.53792417
0.60908681
0.76712626
0.72204107
0.67042553
0.78449064
0.44005811
0.71451414
0.61420369
0.69880754
0.63049996
0.50933111
0.64218956
0.73582196
0.58189946
0.60277045
0.69859332
0.68188047
0.54361516
0.71103948
0.65150195
0.64857203
0.68879974
0.56434631
0.62700915
0.71680599
0.61203682
0.65636450
0.57303381
0.69893110
0.71677333
0.74731195
0.56388116
0.74767280
0.67474627
0.61973667
0.79030204
0.73345304
0.66724682
0.57594609
0.60766846
0.62960637
0.53141963
0.57032782
0.67203546
0.56220013
0.57510686
0.53380060
0.78292727
0.54749340
0.44800654
0.85678309
0.68150389
0.51462042
0.77920210
0.60747880
0.62545657
0.50427604
0.56327951
0.51888567
0.47918844
0.77215105
0.75325572
0.57577515
0.60749322
0.61829126
0.69282901
0.65714270
0.71593416
0.78736609
0.67882907
0.68879700
0.62770939
0.59974289
0.80123365
0.48682821
0.76428568
0.46613082
0.63920575
0.54110199
0.56741643
0.64088988
0.59383190
0.65374041
0.68047392
0.66010857
0.65373832
0.68930614
0.53686798
0.49598697
0.66283005
0.60648805
0.75355220
0.69076681
0.53663993
0.56605804
0.58019912
0.67767274
0.52878135
0.74258780
0.71027255
0.61677271
0.49475846
0.58135128
0.88534373
0.56975585
0.60314012
0.52020448
0.61137366
0.65799153
0.65165037
0.60565364
0.78296542
0.67430019
0.97641200
0.61078668
0.75668168
0.65847933
0.74472022
0.70334101
0.58059829
0.69126153
0.59107029
0.60311830
0.56759715
0.69788462
0.67090225
0.60445046
0.61583400
0.71090436
0.88170171
0.56066549
0.70422399
0.71438938
0.76411986
0.65061724
0.76631767
0.77807552
0.75061035
0.62563139
0.63096011
0.59801352
0.53717762
0.76822221
0.75509810
0.70836008
0.76970273
0.55994284
0.63843727
0.73572171
0.53133619
0.50237834
0.65488839
0.61140060
0.69401193
0.63059127
0.60143363
0.76176167
0.83517873
0.54775059
0.65237731
0.72276646
0.67948037
0.69513619
0.64480662
0.62666333
0.61811215
0.53261364
0.57029951
0.67515260
0.65901256
0.57639402
0.77997887
0.66919363
0.68979120
0.80778915
0.58350801
0.64274848
0.57401645
0.59461176
0.53898895
0.70579958
0.58447325
0.74962062
0.69333166
0.80946457
0.53460109
0.62852240
0.57877159
0.66526014
0.61816400
0.68209708
0.64545083
0.68530464
0.55516416
0.63963956
0.56340885
0.51332915
0.69313365
0.62250924
0.66640538
0.70527858
0.74659145
0.69594026
0.66403073
0.66806817
0.58195114
0.71578264
0.60892010
0.59354365
0.69922328
0.43322375
0.65911174
0.67891085
0.61291254
0.72098327
0.70175791
0.64269137
0.46150666
0.64459634
0.66102707
0.60753381
0.55834574
0.72491527
0.68176872
0.62947237
0.63521022
0.64172816
0.66898596
0.61138093
0.61887705
0.75037384
0.54781127
0.64371145
0.65939027
0.73263329
0.64697993
0.59873509
0.83928692
0.63277972
0.54382664
0.69798720
0.68998086
0.63488019
0.82049531
0.70451105
0.72178733
0.72904050
0.57807106
0.68850458
0.57396454
0.76611298
0.56462878
0.71680510
0.65595126
0.66341484
0.68200618
0.74703288
0.66919816
0.69567364
0.52822274
0.61355567
0.71676803
0.54578716
0.57353711
0.50767165
0.65961552
0.47322494
0.60404682
0.60037762
0.62950712
0.57072985
0.65176570
0.52458191
0.56593359
0.65278167
0.63024497
0.47568154
0.59716940
0.41388616
0.65631521
0.52571833
0.77140659
0.60397470
0.52955240
0.58646166
0.47541699
0.60427427
0.52360183
0.58028352
0.71996033
0.54870117
0.64866483
0.76799738
0.60788441
0.57501757
0.55297434
0.69050014
0.62082934
0.62209034
0.58073175
0.61269659
0.63558871
0.55687904
0.56116611
0.73447114
0.46022466
0.54870093
0.69732904
0.45995504
0.52465475
0.47142458
0.49865502
0.62906629
0.59658593
0.55052876
0.51721060
0.55405039
0.70082057
0.57093006
0.51023889
0.67599529
0.56276709
0.60141659
0.65929872
0.52708387
0.56013066
0.79158187
0.77206397
0.67751718
0.63392127
0.68442774
0.57629740
0.60652530
0.50333023
0.69034922
0.60209012
0.58054495
0.57172722
0.67941380
0.72525501
0.58914435
0.55732858
0.51321435
0.45897636
0.71334040
0.55977964
0.67462504
0.55868608
0.70343059
0.60340303
0.57025427
0.65385759
0.64379805
0.60198402
0.67778039
0.51574039
0.70434785
0.52805138
0.69648379
0.58462346
0.68959987
0.62417185
0.54256415
0.48871899
0.61849332
0.60359824
0.56667113
0.64631152
0.68033993
0.65890187
0.66417396
0.75461209
0.65273941
0.59039748
0.49874789
0.62300199
0.42021030
0.55610734
0.70336604
0.70364296
0.47493261
0.63179719
0.50760233
0.51486534
0.56241864
0.55095470
0.62460780
0.58011436
0.83507144
0.76909029
0.68251598
0.78729218
0.61173940
0.57595801
0.72747928
0.62847400
0.72573543
0.57003766
0.64440072
0.69545096
0.57612872
0.59482646
0.65201247
0.56027585
0.69756293
0.51047730
0.63221425
0.48627058
0.67904812
0.59411228
0.45007151
0.56893229
0.59777361
0.68594581
0.87035275
0.67718071
0.53451562
0.79920584
0.76614201
0.56345016
0.58786070
0.41754216
0.53768313
0.52785641
0.66246992
0.47671527
0.56342304
0.64469296
0.65614951
0.71627742
0.90533113
0.56179643
0.63734424
0.51079535
0.61551869
0.78460521
0.58816075
0.49878740
0.60389245
0.68282294
0.49738154
0.59694976
0.43369964
0.56913841
0.59828347
0.45148879
0.73147023
0.65055239
0.44351196
0.59486926
0.60147929
0.75743091
0.60881418
0.58158362
0.68187535
0.50328159
0.55681938
0.66579676
0.53185040
0.60453266
0.49818337
0.73763716
0.64184397
0.46790266
0.51736003
0.83952427
0.59110922
0.56643045
0.55672538
0.58077443
0.63086909
0.53311753
0.56744838
0.55237085
0.82933289
0.57352811
0.64882928
0.74426758
0.69028401
0.51272249
0.63202095
0.56198633
0.57733548
0.52142847
0.58511692
0.70099831
0.67104363
0.54777789
0.59040844
0.53168607
0.54073822
0.67335433
0.57384396
0.72830617
0.72285664
0.56893057
0.52497005
0.60578990
0.66620612
0.60841697
0.66215777
0.61367142
0.86694551
0.63177133
0.66918457
0.65626025
0.47956419
0.47345600
0.53986603
0.59694219
0.67378145
0.51346380
0.60126430
0.71449327
0.60245562
0.71237260
0.60845834
0.62250340
0.63665378
0.63844144
0.55087054
0.61447150
0.53068471
0.58506417
0.59753191
0.76798141
0.66845226
0.52679789
0.75282878
0.73544914
0.52289003
0.57956475
0.67771792
0.69116020
0.80351424
0.76363587
0.66566300
0.51754642
0.84008396
0.71497273
0.69414109
0.75300199
0.50310355
0.59396654
0.59669518
0.65752095
0.50646448
0.69405472
0.74186778
0.74995023
0.58695233
0.61654782
0.45194250
0.58112359
0.60185492
0.70426428
0.61835253
0.54763925
0.56573063
0.45995992
0.59850752
0.59238297
0.47399020
0.66966003
0.63584584
0.67099684
0.61351848
0.43811697
0.48964590
0.66698909
0.67161638
0.63389027
0.66454566
0.68445468
0.64962387
0.56554770
0.50660837
0.80180120
0.68019223
0.63619900
0.63972223
0.64967537
0.63941854
0.65147769
0.69168609
0.69995326
0.56136501
0.53705209
0.64896262
0.55033350
0.50591481
0.60322529
0.62595248
0.63484502
0.70798153
0.53707945
0.62473297
0.76684171
0.51770622
0.67785299
0.54093260
0.65810037
0.66440803
0.59743565
0.50358999
0.69578636
0.56295913
0.58473444
0.57190019
0.46908805
0.61603498
0.67529118
0.56308317
0.50173473
0.65203565
0.53740287
0.68113405
0.73359346
0.70206994
0.59489048
0.50869638
0.47547549
0.75444639
0.61426008
0.67708778
0.66213465
0.44098854
0.67118996
0.48621663
0.55203182
0.50136018
0.47388917
0.55643117
0.56773829
0.55368876
0.64872885
0.69645691
0.48729843
0.43642366
0.39104068
0.69849324
0.48662925
0.60594177
0.60652882
0.60267520
0.52323091
0.55195451
0.43583420
0.50771594
0.46661711
0.51888043
0.50372219
0.42641693
0.69480205
0.61357510
0.62002730
0.58134735
0.64370573
0.48563567
0.59431243
0.65130973
0.53718609
0.64839745
0.67108762
0.58218145
0.55897760
0.64603275
0.65496588
0.66725922
0.64114988
0.70369053
0.55084038
0.60641289
0.63138276
0.67078996
0.62274736
0.55228877
0.55722356
0.46303964
0.56086385
0.47330862
0.63489640
0.64263952
0.53637731
0.61611670
0.56381476
0.65914738
0.55006969
0.50444293
0.52963340
0.67784166
0.55518329
0.54039991
0.75224632
0.65871781
0.63207948
0.55742544
0.63013309
0.53384691
0.71201330
0.64806509
0.39563000
0.55236936
0.73335361
0.48392719
0.59868783
0.61150932
0.60048354
0.70204026
0.71571445
0.68412936
0.61445165
0.53224373
0.62949878
0.72963041
0.76290804
0.70150852
0.62368572
0.57365227
0.44066477
0.60399532
0.54149342
0.53261256
0.54683620
0.64398527
0.52199209
0.41839266
0.49895966
0.54885691
0.68740022
0.70345300
0.40415758
0.56029564
0.64861602
0.49157917
0.49050635
0.57447928
0.56044662
0.60741138
0.57822067
0.65317017
0.51486462
0.51029503
0.52786636
0.66458029
0.56157970
0.60217041
0.50094056
0.55602068
0.59942460
0.60699904
0.47239360
0.46382663
0.45772454
0.51032460
0.47458372
0.58886182
0.46441567
0.51936668
0.67970562
0.67427808
0.59503734
0.52403533
0.50576317
0.47267634
0.46433800
0.50028670
0.60597259
0.64468062
0.57210875
0.67026126
0.54329932
0.58356583
0.52471644
0.53162837
0.54963511
0.67424828
0.53023672
0.69404578
0.50667703
0.51494777
0.56603050
0.49404222
0.62194937
0.57775116
0.63091457
0.60720664
0.68258393
0.47754788
0.58821011
0.46968681
0.52736747
0.54650331
0.62044662
0.50864947
0.59791255
0.49546805
0.61659884
0.58145344
0.59527081
0.58635437
0.72345191
0.66688091
0.55094707
0.64445001
0.51690698
0.61290741
0.61443150
0.52587068
0.66125232
0.39059883
0.59432924
0.65725005
0.48859069
0.58315754
0.61437494
0.56907016
0.67069566
0.66553485
0.67610753
0.69333231
0.62137443
0.51047605
0.58475041
0.65483916
0.53823495
0.51634789
0.50385326
0.75380832
0.56582427
0.71214592
0.47637206
0.58659256
0.48686430
0.60097438
0.74027455
0.68944502
0.62833613
0.60878587
0.57207507
0.59048450
0.55878323
0.52725315
0.54148507
0.47193763
0.54921156
0.54971701
0.53743231
0.55332083
0.58128977
0.50884283
0.49443632
0.52483970
0.64170122
0.49737489
0.71419203
0.64860892
0.70350504
0.58899158
0.53574705
0.62890971
0.54037946
0.64205420
0.56025004
0.58115685
0.66073549
0.58563340
0.59217143
0.56873983
0.45547301
0.68586665
0.62107217
0.53081197
0.66144496
0.62525415
0.63101703
0.49436015
0.59980881
0.60196257
0.54613769
0.46947077
0.69451642
0.52483946
0.36839134
0.53257751
0.54618275
0.55103910
0.50189006
0.61342072
0.56243277
0.65530246
0.56579632
0.55170703
0.52858245
0.65869486
0.52341020
0.58442497
0.62273198
0.58098233
0.58431530
0.50499094
0.61266357
0.48055568
0.58212841
0.42884463
0.52608418
0.53230762
0.56177068
0.46604204
0.41666245
0.54399359
0.56039250
0.53184634
0.57690561
0.59558439
0.50277579
0.54172623
0.58639634
0.52791655
0.71944761
0.52914166
0.57440746
0.54165572
0.64299285
0.47907951
0.66623813
0.63887292
0.59971690
0.68921793
0.45095623
0.50263727
0.66740119
0.48563677
0.57450008
0.42527217
0.67980886
0.68833053
0.47441950
0.59144616
0.46421766
0.57146597
0.39234903
0.43125096
0.58815593
0.48190179
0.63410848
0.54332447
0.53590405
0.59081781
0.57956213
0.69463450
0.52255177
0.62266594
0.47193742
0.51225954
0.68972743
0.46394169
0.57017362
0.61191124
0.61361033
0.66578090
0.66106796
0.64214939
0.54309475
0.63478887
0.49267367
0.54059350
0.57231212
0.56402045
0.55505371
0.56888056
0.58262247
0.53522527
0.49465755
0.53900516
0.51752037
0.57795262
0.52952290
0.45584184
0.53449368
0.42896089
0.39641032
0.49615330
0.49466869
0.64210314
0.59619612
0.55239320
0.59930831
0.55732763
0.62180662
0.44745019
0.50666887
0.51999950
0.61976242
0.65558249
0.53719509
0.56030375
0.52955461
0.72036052
0.47830579
0.62576795
0.46916544
0.42677152
0.61766303
0.59795976
0.59662378
0.48490912
0.54105788
0.49907666
0.55369014
0.53059179
0.42219660
0.49783379
0.55815977
0.55462432
0.36765903
0.43584114
0.45866355
0.56880593
0.48177570
0.63643658
0.41445184
0.56151509
0.51075208
0.42616794
0.54167020
0.60595399
0.60633600
0.70994562
0.53755319
0.45785114
0.38995570
0.43154246
0.71324444
0.62826407
0.45557493
0.52329469
0.42076117
0.44272387
0.43255427
0.56662768
0.61098784
0.57395399
0.51625878
0.64366156
0.58463341
0.63336670
0.59325087
0.41584629
0.59083515
0.59591168
0.47567549
0.54931468
0.64904463
0.68895477
0.63524485
0.46898246
0.48235291
0.70778275
0.40777314
0.44946101
0.38647062
0.64530444
0.50436646
0.49818873
0.59153414
0.59695262
0.50667489
0.60331297
0.60780668
0.63841832
0.52534211
0.50356609
0.56537855
0.65159190
0.45920691
0.55574298
0.54599476
0.52209008
0.55342001
0.64494801
0.58300394
0.58607209
0.49679637
0.46253392
0.58986485
0.51380885
0.61699611
0.61425090
0.48981306
0.56704026
0.70265913
0.51989096
0.55975974
0.54475617
0.57813418
0.57139856
0.65217400
0.55848277
0.56450438
0.60206330
0.63846588
0.49095809
0.47359234
0.62091672
0.51047254
0.49759877
0.44390920
0.47938606
0.67067468
0.64070261
0.43401146
0.66157115
0.41061407
0.46373981
0.72674805
0.55729479
0.64296663
0.50431627
0.46509954
0.59458542
0.61398697
0.50598472
0.55484128
0.56461227
0.53074610
0.60336858
0.48058909
0.53838944
0.47080523
0.55675316
0.47204888
0.49733317
0.58903694
0.44590503
0.60838240
0.44912869
0.49696282
0.67950511
0.46763253
0.57174981
0.55195057
0.44945788
0.39451116
0.62786424
0.52171385
0.57362211
0.73502159
0.46045765
0.58927345
0.55374408
0.62908387
0.45986950
0.81619132
0.47755754
0.58330786
0.52229100
0.60635084
0.66880792
0.58191121
0.50470406
0.58811927
0.57839644
0.56409544
0.73391151
0.78860283
0.68437976
0.61622006
0.45211020
0.73258889
0.46935853
0.45194009
0.68783700
0.48956487
0.43883738
0.58308667
0.57396090
0.68768924
0.71827543
0.54262733
0.61173737
0.48565194
0.48975283
0.45599550
0.52574819
0.38408068
0.54921687
0.59789276
0.47485918
0.67742652
0.47513753
0.54399860
0.45481250
0.42154548
0.57402861
0.67071486
0.54243737
0.51448190
0.59687996
0.53874707
0.54090512
0.50985801
0.56717461
0.60280091
0.40663275
0.39216733
0.51606059
0.59086263
0.46748757
0.42642549
0.44020671
0.65098697
0.42186674
0.53476256
0.59367836
0.60112101
0.50185984
0.66973746
0.49951690
0.61279893
0.45001322
0.46434087
0.49240145
0.56275237
0.63650823
0.53554600
0.56801742
0.49409091
0.60889250
0.53277951
0.42012608
0.67846912
0.53310573
0.50241542
0.56091654
0.67364597
0.45061105
0.63956422
0.61987650
0.53931952
0.47809801
0.51453769
0.43390337
0.54357255
0.66408682
0.59250486
0.58589846
0.65725338
0.62405378
0.60521686
0.58013505
0.45834938
0.49579388
0.56469792
0.57080680
0.60729527
0.49631634
0.54361749
0.48453861
0.57342601
0.54705483
0.58405805
0.47125936
0.40184981
0.46715105
0.54885364
0.59300721
0.52350104
0.59940946
0.64385581
0.37094638
0.61959505
0.45828363
0.46609056
0.57357562
0.49961847
0.48897320
0.50851756
0.55084455
0.68783617
0.62277806
0.56792897
0.54002827
0.42107880
0.47483760
0.58486176
0.67689848
0.38479489
0.52974206
0.60201293
0.59552085
0.47282571
0.54476261
0.50536489
0.45634407
0.52055722
0.53114152
0.58175337
0.53533047
0.69464910
0.55529273
0.60863215
0.50409681
0.52968341
0.54892391
0.51731795
0.51181930
0.64541721
0.56126654
0.65089875
0.48689693
0.47281176
0.54969287
0.53833783
0.49146307
0.52644789
0.50076151
0.48148364
0.63357538
0.47968474
0.44714665
0.39026815
0.43897086
0.73522711
0.42822161
0.55548739
0.45995760
0.49021164
0.58636713
0.53676623
0.46394992
0.49031830
0.46608055
0.49914458
0.49626511
0.53694797
0.46957737
0.68082070
0.51783377
0.50225574
0.49099594
0.49325535
0.33965206
0.46343300
0.60060275
0.43524724
0.42501324
0.45056054
0.61713743
0.56745100
0.55635858
0.45630139
0.57807004
0.44716555
0.50891829
0.29370332
0.67075163
0.57917905
0.43122470
0.59366465
0.40197435
0.54331934
0.41351402
0.49658847
0.48346183
0.73315102
0.50613976
0.53075171
0.58376956
0.66994601
0.49880755
0.37533665
0.40164828
0.54638517
0.54959655
0.42286730
0.56612742
0.57479995
0.57131034
0.59436959
0.51517755
0.56263745
0.60221028
0.29386768
0.53728980
0.46640962
0.40929013
0.51834577
0.50623441
0.62432373
0.53585911
0.51357269
0.54069561
0.72262895
0.48665497
0.53021824
0.52512503
0.52628076
0.46365154
0.56755173
0.41264561
0.43569103
0.51489276
0.46066955
0.60328436
0.39400876
0.66377985
0.51144791
0.51224124
0.49138370
0.69242358
0.70970476
0.51584625
0.45362276
0.47472024
0.51554704
0.50279164
0.47189623
0.49251884
0.54028881
0.58134061
0.69408405
0.50392091
0.64891708
0.44684094
0.51702553
0.43616587
0.38633123
0.44434860
0.64925694
0.49698156
0.52576554
0.52422094
0.46198317
0.50313050
0.66509104
0.47447827
0.45920718
0.51761937
0.51720232
0.66059351
0.58523995
0.61064726
0.54362553
0.39507371
0.49626410
0.59728807
0.46375784
0.47632146
0.68280673
0.51195836
0.53966165
0.52754873
0.49249029
0.39584368
0.59610689
0.46717814
0.46513000
0.41776341
0.55347002
0.43335706
0.50550771
0.38987643
0.69730157
0.53905702
0.48145202
0.46643764
0.59733945
0.53720695
0.39656359
0.43516901
0.54567111
0.46386361
0.41904128
0.34156108
0.46256232
0.54799920
0.54550141
0.49295646
0.55194676
0.56316400
0.55403018
0.52038360
0.51706517
0.49089500
0.38443294
0.35876241
0.47608501
0.58557272
0.53747559
0.56440949
0.60368323
0.57098162
0.52723539
0.46834567
0.41842270
0.44238397
0.55296427
0.52137357
0.59382689
0.73326147
0.51402283
0.54361969
0.55361027
0.49714977
0.43632954
0.50293487
0.56661916
0.45577973
0.79578888
0.60603321
0.63112402
0.67895305
0.64439642
0.50341117
0.56903839
0.50485384
0.46909574
0.58485615
0.44048053
0.47479343
0.57627004
0.52849209
0.63934368
0.52808744
0.53720987
0.46184266
0.40949965
0.55901098
0.40793264
0.51667178
0.43510526
0.40097404
0.47321978
0.51691628
0.61029470
0.58422089
0.40224886
0.44525492
0.52980798
0.63550621
0.60644859
0.46003529
0.51819956
0.53596216
0.56339914
0.47516140
0.51420784
0.58549678
0.51685137
0.43855762
0.56740677
0.70963711
0.50388169
0.49615207
0.61957216
0.41480619
0.51230061
0.43357944
0.48445439
0.44406062
0.62323600
0.52469218
0.40864426
0.66830343
0.49654940
0.49988410
0.43207899
0.63777602
0.47586289
0.51769477
0.46598685
0.46490365
0.55379307
0.45222425
0.51250374
0.60776621
0.55424416
0.47157115
0.43465146
0.37477821
0.40633762
0.64967310
0.44921327
0.56465596
0.53620589
0.49566674
0.45821577
0.46973500
0.57276547
0.56040156
0.52668452
0.59465969
0.51965863
0.60387033
0.37109652
0.46119201
0.49525613
0.43125173
0.49142832
0.47719142
0.45661491
0.48221892
0.50475895
0.43170053
0.48395145
0.39928755
0.49255851
0.62490726
0.67030382
0.55747402
0.55416697
0.44938216
0.57696688
0.61020625
0.49620956
0.45278674
0.45713413
0.44042566
0.59852183
0.55014604
0.53346241
0.51488137
0.56014162
0.62710023
0.39263338
0.58807689
0.56921697
0.49917683
0.43321413
0.52355582
0.48460150
0.45090419
0.70492202
0.45356882
0.41075659
0.44514877
0.47317976
0.51996446
0.54250097
0.43427712
0.52912784
0.62017882
0.56536734
0.63293672
0.50173783
0.70373893
0.52425110
0.58095711
0.49285507
0.55645037
0.56512588
0.62508613
0.59315169
0.48202258
0.45277837
0.70766115
0.58066201
0.32641780
0.54434288
0.45259342
0.53696024
0.51560223
0.53426301
0.33554047
0.62811673
0.39829719
0.47715610
0.58188736
0.29459950
0.43664855
0.46417645
0.55770230
0.42121482
0.53225315
0.52629411
0.46955276
0.50815362
0.42232040
0.46712238
0.36428717
0.40889406
0.48086554
0.54820800
0.36939949
0.54154944
0.66178727
0.52353835
0.56043059
0.41332293
0.46170086
0.38655645
0.41471177
0.64912868
0.47807181
0.46879986
0.54244345
0.51781350
0.35212970
0.50689089
0.54299068
0.46672815
0.43120420
0.40400934
0.53606284
0.59684980
0.60614365
0.50422925
0.48209757
0.46046197
0.44296944
0.48649460
0.48407340
0.46286094
0.53052950
0.53795040
0.61484414
0.38184589
0.35123584
0.33137122
0.38212562
0.61557692
0.35976946
0.56423956
0.46320432
0.62710822
0.44079903
0.48394156
0.44560057
0.55423129
0.38182634
0.57317770
0.46036112
0.45696160
0.37779000
0.49628717
0.62728846
0.46082085
0.41335899
0.56828994
0.53453696
0.44068262
0.71946871
0.63402915
0.46170938
0.46286306
0.54052460
0.56552655
0.52357239
0.44747293
0.56671107
0.42242515
0.44427717
0.58998173
0.36790586
0.60657531
0.54907435
0.46153894
0.44138107
0.46572691
0.45207107
0.44770575
0.52807027
0.45786017
0.46146801
0.50214118
0.54807740
0.59325790
0.51851273
0.51349509
0.46807137
0.38792282
0.54058039
0.46947289
0.85527748
0.46270514
0.41972411
0.51790261
0.54180849
0.47636551
0.44483405
0.60860717
0.37139434
0.62656415
0.42637408
0.28659078
0.40956306
0.46287274
0.40636709
0.36079001
0.40668470
0.51821333
0.53811550
0.41410476
0.48900115
0.43919650
0.58504319
0.57256299
0.39962834
0.45017231
0.52847707
0.37759691
0.46091440
0.57926106
0.65507299
0.62540090
0.34471560
0.39620078
0.52942336
0.64087355
0.51886344
0.37010506
0.58676118
0.48148620
0.53933513
0.53137124
0.57131541
0.48470232
0.50431746
0.50153053
0.49187535
0.53049982
0.56717110
0.56066364
0.41984335
0.65100932
0.55035055
0.52649498
0.52297854
0.48667821
0.60793936
0.55843836
0.40341276
0.46602124
0.44003022
0.56064063
0.43235165
0.55039132
0.70053601
0.52733803
0.37068403
0.45955467
0.54164970
0.55127144
0.52784628
0.50389504
0.52486330
0.48473117
0.39089358
0.64386082
0.52133560
0.46868062
0.35026652
0.35527608
0.55070317
0.42393512
0.58616602
0.52768028
0.70119613
0.47928372
0.46948123
0.62685317
0.54882061
0.45136720
0.42543864
0.36507446
0.51027858
0.34447825
0.44280338
0.47388285
0.47223288
0.58693373
0.37014461
0.46964288
0.46169558
0.50054049
0.48689508
0.52650690
0.40320647
0.43774387
0.46487129
0.51624608
0.50437951
0.44281372
0.52209806
0.54813820
0.40299106
0.51151502
0.58729798
0.42149600
0.41685608
0.65783584
0.43649298
0.49808505
0.54262948
0.49220619
0.49315935
0.39779279
0.55714858
0.41448405
0.50564682
0.46747705
0.47403136
0.57189679
0.51858938
0.60131508
0.49055350
0.54685295
0.43568492
0.43694133
0.63491333
0.50467879
0.57604802
0.43800712
0.47985688
0.57246536
0.55500460
0.54683769
0.46121055
0.73520094
0.57155603
0.57968867
0.44110939
0.38807714
0.45416123
0.58856755
0.52431238
0.43225676
0.47863922
0.47807378
0.62054777
0.38423464
0.60584968
0.47279441
0.40511420
0.45925599
0.55480313
0.56916773
0.45244157
0.59847128
0.34777850
0.49733305
0.50367272
0.41107768
0.47501022
0.50433862
0.61600590
0.50157511
0.47224778
0.42528486
0.47518009
0.51835185
0.58828729
0.49918407
0.46743509
0.46550843
0.52451879
0.38701463
0.39693227
0.28851369
0.44851011
0.64883894
0.47323552
0.41964155
0.44596356
0.67589486
0.43597156
0.54596651
0.42754918
0.47636014
0.55550945
0.41899228
0.54907370
0.42000419
0.60398060
0.38241714
0.56839859
0.45617032
0.49931440
0.41106114
0.59177291
0.44962955
0.49416399
0.50719357
0.41884756
0.34101650
0.62242359
0.61370623
0.53146154
0.50320381
0.69374406
0.34402007
0.51921785
0.31111765
0.38387749
0.44191706
0.57541287
0.46621507
0.44202241
0.39631158
0.51398301
0.47415239
0.29782847
0.38665920
0.44899437
0.55764371
0.57985795
0.66456330
0.40091276
0.50821030
0.45879191
0.39727825
0.51009339
0.56339729
0.56534797
0.44474828
0.59995615
0.46364480
0.36285985
0.62170458
0.51557851
0.51658618
0.58079082
0.44802397
0.38952452
0.38380700
0.41027206
0.34746701
0.53660190
0.30280513
0.47899687
0.49255636
0.40196058
0.55778939
0.65850937
0.43573913
0.50227904
0.26236516
0.58528137
0.43637770
0.44790938
0.42887259
0.35723045
0.44803828
0.30554706
0.45073617
0.58071434
0.59463197
0.36260769
0.34161049
0.69159627
0.40555829
0.39845538
0.44686997
0.34225479
0.51948893
0.53817546
0.37503561
0.47257555
0.49138102
0.45412433
0.46042615
0.53294271
0.61922103
0.48817807
0.44777206
0.33900717
0.39596605
0.40715295
0.37433192
0.37778679
0.50389200
0.43001360
0.41591197
0.49137071
0.43782073
0.52572608
0.58341563
0.34027418
0.30722183
0.30379719
0.62224984
0.45915598
0.48322847
0.40120965
0.40292048
0.50753444
0.48802429
0.37915960
0.35144514
0.38912159
0.40883717
0.40031371
0.40277499
0.56426156
0.42149395
0.43544301
0.32126492
0.38677379
0.39640075
0.41908693
0.43536910
0.46722889
0.54191619
0.40872154
0.43796277
0.48808026
0.45044029
0.50544524
0.53036940
0.45663327
0.44036019
0.51398635
0.56479084
0.55099583
0.37832883
0.65835619
0.35536909
0.32381958
0.37832409
0.47679478
0.47445381
0.55625570
0.55940604
0.45375648
0.52486998
0.43852335
0.44942218
0.43601081
0.60934031
0.53347754
0.56592178
0.38699996
0.40530792
0.45271671
0.51458269
0.53100687
0.45688844
0.51046181
0.51047665
0.34011444
0.38736147
0.39621902
0.61034751
0.60664088
0.42012033
0.47198388
0.54056579
0.39831567
0.46338058
0.44980583
0.50496858
0.42145395
0.33756876
0.44284135
0.53778601
0.42500716
0.47507948
0.40310073
0.44448537
0.44006091
0.44599766
0.42781031
0.54417473
0.48158455
0.36792159
0.43797261
0.48082298
0.46632648
0.36216235
0.50761271
0.60408956
0.42152542
0.48610294
0.45748407
0.40036380
0.45665681
0.49021611
0.46699774
0.54345083
0.55603826
0.49304351
0.47925735
0.44233480
0.42229551
0.66677034
0.36987323
0.36598039
0.45065928
0.51890326
0.45393670
0.42177525
0.44580436
0.40436667
0.44986284
0.35267299
0.49754006
0.33325866
0.64773905
0.36692402
0.42787784
0.50211704
0.56073266
0.47935790
0.50756562
0.50618428
0.44648835
0.44346574
0.49775863
0.54600358
0.36550242
0.42976868
0.34897459
0.36050618
0.29075548
0.34881863
0.46038693
0.49802339
0.36019906
0.42212629
0.54794562
0.49188000
0.43217039
0.41565698
0.33876169
0.52375364
0.41421801
0.48745620
0.56444687
0.38628441
0.51159531
0.54557121
0.46652082
0.43963259
0.60084558
0.48072356
0.54464531
0.51802379
0.50152677
0.34228075
0.51068008
0.51603675
0.38242173
0.51559079
0.45891106
0.44726896
0.41978425
0.43597758
0.40355352
0.45648444
0.58537412
0.49037755
0.46450579
0.41215163
0.40815476
0.40091932
0.56648749
0.42926049
0.45180848
0.43502086
0.45348725
0.39891285
0.36840641
0.50016987
0.42388606
0.58066356
0.45744288
0.39325780
0.51364404
0.53400284
0.57465130
0.40012184
0.45441908
0.42904621
0.41656330
0.48332486
0.49858212
0.52341175
0.42569321
0.40246856
0.30141398
0.45985678
0.43085811
0.42924419
0.60929048
0.37121043
0.47244000
0.42397466
0.39871812
0.42011371
0.52367347
0.45115316
0.48897573
0.36453378
0.45244932
0.59060317
0.53763896
0.38802046
0.41600555
0.47541735
0.47556305
0.40274951
0.57881087
0.30157483
0.48260376
0.42934373
0.42247680
0.47511959
0.49913418
0.51419234
0.43955532
0.45219934
0.44118235
0.55329460
0.64200813
0.39097130
0.47860530
0.36950558
0.54555202
0.42765415
0.54494679
0.40758640
0.22473818
0.50391710
0.43668416
0.47396120
0.43058148
0.58246201
0.42511573
0.43396494
0.58442551
0.52114731
0.58187121
0.51156592
0.36409593
0.49744442
0.49874610
0.44312733
0.36733350
0.50839186
0.45532379
0.44919705
0.49865434
0.40714848
0.50579768
0.48739821
0.67308128
0.45181686
0.51385891
0.42591906
0.41119012
0.39589748
0.49623123
0.41247928
0.36225462
0.48515335
0.43558389
0.46077919
0.54774421
0.46261862
0.42181653
0.45315540
0.64272290
0.57468545
0.52074504
0.42531419
0.56592160
0.54342341
0.40509522
0.39174849
0.28986317
0.33530718
0.41724727
0.42973268
0.50256765
0.50933594
0.31370729
0.46600601
0.47608283
0.58028084
0.36524063
0.31747991
0.42542410
0.38151875
0.41163206
0.40035582
0.39133817
0.40130979
0.38577354
0.38874733
0.43140376
0.33186412
0.44312578
0.33563650
0.41793504
0.23824421
0.47473520
0.36453834
0.45592913
0.39025402
0.36961794
0.33099768
0.38471982
0.42324361
0.49593306
0.37147003
0.34589317
0.52910340
0.42828894
0.43229589
0.36226070
0.27153766
0.33932382
0.46355313
0.51725650
0.36807829
0.46204343
0.47292069
0.28400758
0.52134061
0.48139665
0.44593227
0.42477536
0.32835412
0.48644751
0.44914860
0.42089948
0.43271387
0.45473048
0.32905847
0.37755039
0.35832715
0.38362068
0.35513598
0.44144067
0.33299023
0.32092941
0.52535826
0.58737242
0.44932306
0.42432010
0.35641354
0.57190645
0.35382858
0.49126589
0.44171143
0.72901726
0.40463942
0.36392903
0.43315217
0.44352654
0.64426607
0.39457914
0.42957729
0.43465358
0.43549231
0.49173766
0.44774079
0.35234237
0.35441634
0.37539816
0.51915741
0.52821338
0.36847514
0.40834180
0.48278522
0.44229966
0.41762152
0.38047373
0.28315499
0.45787954
0.58602262
0.46767616
0.46056423
0.51137435
0.46449590
0.46498224
0.57213736
0.43174952
0.51086807
0.35040379
0.62132972
0.57227802
0.36112148
0.47379938
0.34386611
0.37007451
0.48402789
0.44675183
0.52120245
0.35139507
0.45149601
0.44745648
0.60415328
0.40940595
0.47085407
0.38084298
0.30102253
0.44766128
0.45836902
0.34307694
0.40755424
0.40503588
0.27178672
0.30152369
0.47022289
0.49272960
0.35684305
0.38735759
0.27944136
0.43344781
0.34191281
0.44102335
0.41231322
0.34341776
0.54471743
0.36216196
0.39662439
0.41008723
0.49722058
0.38443547
0.46061975
0.39668852
0.49594381
0.45228201
0.40347981
0.42890170
0.39947960
0.39929712
0.50580448
0.40514219
0.33998555
0.40258533
0.22348562
0.32430536
0.56862551
0.51612675
0.49024498
0.44764626
0.43300042
0.42088795
0.49634367
0.47161776
0.38885212
0.50269294
0.49297866
0.38059279
0.47541502
0.45367971
0.52628773
0.45910534
0.41549662
0.44424343
0.37467891
0.48955891
0.45114341
0.32385737
0.49975273
0.45342347
0.41839629
0.50545847
0.38758343
0.29370788
0.47223377
0.50040632
0.35592949
0.54128337
0.49526060
0.35783190
0.37129799
0.52808571
0.44539082
0.38633293
0.39711440
0.51861602
0.42876065
0.47960621
0.43940264
0.56167376
0.34563714
0.34193075
0.38628596
0.53733736
0.42100856
0.41397953
0.52103382
0.50552940
0.46680236
0.39498609
0.41510686
0.37103701
0.46318814
0.35895723
0.56207508
0.48302099
0.33148652
0.40091521
0.47036058
0.44400412
0.50944883
0.48359632
0.63951695
0.42101580
0.35349351
0.46167082
0.51723289
0.31301254
0.42208973
0.54953867
0.39220759
0.30873922
0.53105283
0.54632103
0.43695948
0.36334425
0.42023560
0.33875272
0.35855800
0.39331907
0.39394337
0.44532937
0.48343262
0.47603995
0.46580401
0.33481199
0.37955958
0.42509693
0.45072615
0.33713162
0.43730232
0.44790387
0.56268919
0.52027512
0.44677138
0.40543616
0.35748041
0.43308032
0.46528766
0.35171419
0.61666566
0.31990767
0.45783371
0.50496507
0.38522047
0.63996148
0.42009163
0.37047833
0.45375025
0.44957003
0.46142220
0.35147169
0.38418156
0.39085504
0.51172197
0.47028804
0.39387196
0.38834107
0.39580193
0.61057353
0.43102935
0.46557617
0.42714354
0.58012474
0.41345227
0.35462567
0.44158000
0.39701015
0.38169795
0.55472505
0.48444843
0.61157274
0.46362841
0.59449029
0.49435836
0.41083884
0.44158658
0.45756796
0.54958349
0.40299618
0.43963909
0.29555088
0.46355206
0.44102177
0.58642334
0.68275493
0.45940614
0.47414199
0.48272842
0.43313691
0.43728408
0.54922032
0.57147115
0.49871010
0.43948597
0.54522741
0.46396559
0.45042634
0.39148799
0.31172723
0.55406177
0.41099995
0.59878576
0.56125164
0.42440507
0.53873479
0.49560395
0.46542937
0.39123619
0.37144995
0.46356970
0.44936335
0.53206336
0.40871757
0.45959216
0.32747865
0.47416860
0.50837219
0.46789289
0.42158735
0.47919622
0.33141449
0.36537439
0.46048608
0.46188486
0.31755477
0.37596053
0.46443948
0.32566607
0.55529881
0.39906150
0.30582854
0.38325262
0.47921193
0.37363094
0.52971208
0.42903662
0.46452948
0.32873070
0.43903399
0.34140062
0.39679265
0.47066617
0.35954782
0.21864355
0.41769928
0.39365274
0.38521177
0.37333721
0.39396465
0.43909717
0.34397578
0.41690400
0.33512396
0.33278850
0.42369568
0.53441590
0.31012446
0.41503754
0.34427124
0.38792330
0.42692983
0.38423049
0.37513724
0.37286240
0.43074065
0.40164328
0.42035103
0.48933119
0.46745196
0.37724572
0.33416682
0.28236142
0.37100619
0.43839788
0.32808882
0.30493489
0.34455943
0.45986560
0.34371546
0.41918561
0.29761803
0.51187146
0.64769948
0.41214657
0.39860600
0.36413991
0.32234445
0.40835884
0.40216252
0.43296868
0.59500962
0.37118459
0.36525226
0.27624616
0.46238250
0.32082352
0.52510369
0.42719364
0.43322200
0.39849848
0.45290589
0.39910799
0.39683539
0.29448026
0.43991345
0.44279170
0.39377224
0.52088702
0.47843584
0.37901127
0.30950743
0.36147940
0.44711977
0.45113719
0.49288514
0.46425816
0.44822192
0.48422825
0.37378874
0.42139870
0.42711988
0.45271808
0.27640820
0.47778511
0.52380127
0.48197988
0.49524516
0.49878490
0.34896016
0.39863557
0.60800803
0.34514743
0.34985018
0.43812066
0.39935309
0.38297141
0.44017857
0.37496114
0.36350626
0.51099080
0.29396859
0.33168560
0.33990383
0.46295738
0.42121214
0.31600809
0.39874083
0.30510789
0.49282548
0.41468689
0.33897609
0.39370635
0.55351931
0.39029962
0.43468380
0.47061232
0.41568369
0.41572219
0.46652091
0.48735467
0.39023060
0.26953125
0.38565153
0.55482781
0.26680404
0.38192916
0.56073481
0.31534058
0.37269938
0.38595110
0.33858347
0.55677813
0.33171785
0.44671768
0.35063240
0.48459896
0.48579282
0.41067532
0.54467046
0.43163377
0.41898978
0.37990403
0.30474800
0.39041960
0.57200444
0.25032473
0.43423206
0.30936447
0.45013884
0.35155731
0.28962398
0.35846013
0.28728560
0.32899660
0.33201766
0.43385521
0.48604393
0.50261271
0.47421139
0.34369171
0.49289647
0.53585583
0.40272442
0.34680575
0.40107119
0.41767052
0.41914576
0.62124205
0.45307469
0.57879311
0.45763242
0.38680962
0.30644014
0.47054291
0.43844801
0.73631310
0.46448386
0.44200367
0.55752039
0.54251993
0.50814879
0.44090587
0.38044098
0.51431113
0.52896917
0.52017039
0.49990907
0.47876585
0.57058036
0.44497555
0.44203299
0.36171439
0.37801188
0.48496783
0.39428490
0.27553028
0.39933199
0.43502074
0.44745812
0.38808587
0.51744121
0.41587859
0.43041858
0.52309883
0.37363178
0.50547910
0.34037247
0.44012564
0.45268869
0.44340414
0.44907090
0.56240797
0.42748892
0.34319597
0.39320415
0.42779842
0.46263450
0.41121066
0.40884343
0.37860784
0.46493149
0.45112762
0.35510039
0.42731482
0.51327664
0.39469433
0.43678248
0.50712609
0.42209959
0.58863419
0.36046526
0.52396590
0.42493868
0.45658761
0.36396402
0.37555486
0.44644994
0.39247641
0.40451068
0.45092875
0.40922463
0.44105831
0.42741829
0.45474660
0.39773744
0.40508884
0.44081414
0.39440656
0.48185968
0.42501697
0.50654322
0.37789142
0.43431029
0.43850362
0.43098247
0.38127249
0.46320653
0.34740499
0.38280120
0.32883173
0.23143959
0.39808804
0.56988776
0.48593789
0.30126378
0.42837161
0.39559212
0.34903148
0.43262231
0.58744138
0.44924349
0.43869328
0.41221631
0.42910716
0.48129967
0.35892034
0.37498933
0.34899595
0.29366863
0.36173490
0.41458264
0.39285436
0.36573154
0.36816254
0.32617414
0.47337678
0.33847460
0.43544185
0.36733449
0.41272718
0.39194316
0.39256939
0.35499337
0.53176165
0.41817385
0.41572225
0.37204328
0.29759479
0.35129464
0.40236801
0.39053902
0.36225513
0.34462708
0.52583414
0.35075095
0.39103729
0.45859522
0.33949381
0.31689042
0.41937682
0.48912477
0.48277932
0.38266575
0.52707911
0.47790655
0.25538132
0.47008026
0.42993462
0.38326001
0.39703262
0.37895691
0.35645196
0.30295020
0.49392527
0.53185451
0.31682128
0.38961214
0.41045254
0.44929278
0.43921703
0.46572217
0.48121476
0.44284797
0.48570201
0.58745700
0.35710222
0.41539526
0.36486524
0.36049920
0.29052594
0.47321159
0.53400666
0.39852762
0.50433147
0.42560542
0.39674318
0.30507487
0.25821036
0.37063509
0.30761686
0.39720434
0.46213317
0.57668799
0.54539639
0.35950989
0.39837146
0.37771034
0.47859603
0.27213484
0.41896355
0.47486848
0.40985242
0.42188019
0.39769903
0.33928013
0.34460616
0.35684347
0.33724529
0.34565592
0.37519512
0.46830332
0.46387753
0.40884760
0.30944744
0.45143956
0.37013999
0.33842891
0.38229635
0.35372707
0.38942391
0.35992488
0.36005366
0.23236178
0.36312449
0.47183192
0.31887347
0.35629803
0.25303847
0.45327151
0.33075348
0.27842271
0.31136972
0.37563443
0.54438215
0.33631420
0.42667890
0.37827960
0.40306056
0.18707065
0.39985311
0.41480309
0.26008847
0.37787482
0.40092552
0.35452181
0.38441643
0.40919763
0.33835369
0.36914498
0.57940602
0.45184532
0.32078296
0.40458241
0.48215368
0.30917519
0.47441882
0.36513624
0.28870520
0.32013223
0.42808679
0.40919560
0.50075710
0.41045320
0.39424613
0.42963043
0.40252912
0.53637892
0.45965981
0.43015108
0.41264176
0.62215567
0.44722286
0.26747414
0.43248594
0.32715565
0.39343268
0.43422395
0.39477748
0.38497022
0.37443167
0.41664934
0.21076351
0.39888185
0.29870024
0.46753937
0.28121012
0.41160795
0.31582141
0.40045315
0.24165635
0.37592068
0.39592427
0.48217157
0.40043825
0.42911032
0.30469471
0.42032069
0.24844950
0.42772317
0.40790164
0.34364390
0.46566916
0.29095268
0.41965693
0.54748392
0.45175335
0.35415810
0.35297242
0.41641313
0.32446390
0.33478609
0.41373518
0.35609281
0.48781717
0.43726397
0.52112675
0.39719868
0.40315357
0.54697460
0.35790631
0.35339797
0.39800173
0.49829051
0.36330777
0.49177244
0.43036377
0.41552857
0.35234717
0.29071248
0.36954904
0.40053019
0.35157201
0.63650393
0.44027907
0.33139312
0.41125688
0.28969777
0.43328431
0.35365152
0.25699407
0.38009953
0.40218598
0.54988700
0.38626564
0.35983136
0.39919931
0.40267202
0.65521264
0.27260697
0.37123665
0.42849571
0.27975696
0.35372019
0.46149111
0.32033893
0.46061188
0.48662651
0.29221201
0.31016135
0.46657550
0.48214197
0.37819541
0.43040025
0.55459940
0.56564415
0.35014218
0.39406925
0.23033732
0.36267054
0.36722249
0.43282369
0.45220679
0.36416030
0.40315074
0.32367945
0.29047370
0.35034204
0.36691540
0.36023742
0.37282276
0.44952846
0.34372807
0.37521288
0.39330977
0.44880599
0.48237425
0.33342436
0.29480889
0.56664878
0.24210322
0.49075139
0.44264042
0.35025853
0.42242628
0.46840358
0.42617124
0.47674298
0.40439287
0.38666955
0.42387590
0.45634085
0.63895220
0.31683010
0.40913010
0.50324643
0.43559611
0.34654850
0.32507190
0.36250523
0.43547666
0.59371102
0.55465722
0.31587225
0.47509164
0.34048969
0.40320411
0.31356582
0.27982873
0.64461982
0.41789931
0.29591048
0.28945166
0.51222134
0.54597050
0.40703708
0.43904918
0.44654655
0.34622616
0.32376769
0.56299579
0.37056717
0.36387131
0.49359530
0.35549614
0.35970718
0.50131881
0.42498049
0.38765916
0.23378105
0.43716434
0.33582458
0.43312609
0.46858022
0.43244511
0.37922868
0.36272353
0.37659347
0.28604200
0.35282716
0.62050736
0.38856810
0.35321534
0.43625706
0.31846786
0.39516911
0.48417634
0.37213707
0.37660271
0.29036814
0.35031694
0.41835558
0.31720266
0.41060382
0.38282466
0.40472242
0.51080287
0.28579521
0.40126723
0.50072157
0.46641910
0.47323585
0.33502385
0.40258098
0.44560501
0.63704073
0.30106616
0.35883686
0.36421078
0.34926626
0.60771525
0.25036871
0.35649025
0.35682076
0.35495311
0.42266512
0.42656600
0.46086571
0.37103742
0.39820105
0.40199888
0.41992617
0.32762957
0.48706269
0.50069600
0.40167969
0.25045493
0.38995814
0.31336361
0.46577644
0.28054464
0.43912897
0.48874161
0.45038053
0.40081567
0.48291713
0.29928598
0.43765450
0.32667845
0.42264423
0.31029230
0.44975573
0.46869662
0.24404345
0.34697932
0.53591925
0.33919454
0.52867776
0.29760611
0.41890708
0.55850172
0.36281672
0.38508323
0.40031260
0.37830240
0.22267726
0.40233445
0.36870798
