2.46948242
3.26735640
2.78801441
3.05652475
2.36188507
2.30701208
2.15144467
1.99058557
2.10571814
2.17501020
2.09128904
2.17547035
1.93012214
2.15814686
2.02399731
1.97897220
2.02237606
1.90620589
2.05798793
2.06536245
1.96318936
1.94971883
2.01235127
1.97428167
1.99933577
1.86534262
2.01429629
1.84655404
1.94698048
1.88254964
1.93558216
1.96292257
1.88105118
1.93558300
1.83035791
1.78285170
1.77661192
1.76417398
1.83949137
1.79866982
1.95474863
1.70835364
1.92017603
1.81444407
1.71260214
1.69678760
1.76591551
1.85010326
1.71501756
1.71962070
1.71700788
1.74034739
1.78617001
1.85048485
1.62711895
1.67141080
1.69329929
1.73847258
1.81469357
1.93274570
1.78254735
1.83145571
1.80776799
1.64533544
1.69790244
1.73086786
1.59928513
1.74429059
1.58722198
1.58316898
1.62326241
1.84852052
1.52571797
1.59697795
1.75874627
1.63938856
1.64515984
1.77650094
1.78657365
1.71121645
1.69066858
1.55861998
1.96505404
1.70363295
1.78553998
1.66354775
1.77545714
1.68404460
1.61087275
1.58779228
1.66185427
1.68363094
1.80118275
1.75249410
1.68683970
1.60114598
1.73717570
1.61083841
1.68947756
1.75130701
1.46659970
1.52915931
1.82424200
1.76146698
1.51656711
1.66314006
1.57025385
1.74542451
1.84563279
1.62904167
1.57085836
1.54290748
1.68182850
1.62209189
1.56781065
1.63338947
1.64017463
1.50389242
1.57097757
1.62847447
1.64886975
1.49807787
1.50718999
1.48066843
1.73590612
1.50643659
1.67942834
1.59610915
1.64394331
1.63113368
1.75133061
1.68000579
1.59663630
1.62613916
1.55026233
1.53272367
1.50593352
1.67598629
1.70131004
1.67331600
1.72423959
1.65985942
1.60908008
1.81006730
1.49334383
1.65653682
1.67457104
1.56696177
1.65726733
1.60885406
1.59240913
1.53611469
1.66710043
1.63548636
1.51016974
1.54789782
1.53029513
1.64246058
1.47217405
1.50511348
1.38747287
1.55272579
1.54323328
1.58390808
1.45454693
1.31939363
1.48646188
1.64816165
1.46392834
1.50723767
1.45333302
1.50400138
1.60441637
1.48973465
1.48005700
1.40504134
1.37693262
1.54711342
1.50478959
1.45899749
1.38615167
1.36194396
1.53357434
1.53837156
1.48515606
1.30863714
1.31374693
1.47846544
1.51732707
1.46396708
1.53894353
1.38695264
1.54640961
1.47077703
1.53390694
1.45407343
1.68876314
1.52486539
1.50664473
1.54984832
1.44463217
1.50544953
1.36979973
1.42000532
1.43127513
1.48309314
1.42622066
1.34686089
1.62162590
1.32164145
1.54612255
1.38583779
1.39437819
1.27119756
1.15619373
1.25720358
1.45324457
1.44689906
1.46348178
1.45839095
1.34518361
1.24627876
1.30542994
1.33779526
1.26440620
1.38846159
1.31105089
1.28581691
1.33181477
1.59731984
1.39107060
1.43172586
1.50148463
1.56654334
1.35737276
1.44026983
1.23274350
1.33274937
1.40860963
1.65181136
1.38076091
1.36413193
1.39274025
1.45592618
1.39645422
1.40642977
1.37988758
1.38202238
1.48836160
1.33222032
1.32624698
1.47865200
1.55372572
1.47923994
1.31884289
1.30931401
1.35146201
1.36942255
1.42192721
1.49399662
1.35845375
1.21395016
1.37440848
1.46347713
1.28930318
1.36247218
1.39110768
1.31021690
1.38653219
1.21513605
1.36183107
1.41168451
1.46603012
1.25201488
1.33621264
1.38104677
1.42699254
1.42498600
1.36890531
1.36058450
1.16877091
1.30034173
1.40622115
1.26459074
1.35976994
1.29803741
1.26158047
1.24846303
1.32821953
1.28414273
1.29196835
1.33844566
1.32460201
1.21392536
1.24217057
1.27649021
1.25108552
1.17069530
1.28611898
1.29354382
1.32255268
1.15768600
1.28360522
1.30218101
1.21056509
1.04032099
1.36426878
1.15628242
1.54961228
1.23540783
1.22612548
1.36411190
1.35928857
1.41256642
1.13586640
1.30535710
1.27231610
1.32967174
1.10905004
1.30931330
1.35887527
1.23360097
1.43754816
1.49843216
1.11174750
1.22184706
1.14217222
1.23999548
1.04347968
1.33221364
1.34935784
1.27044713
1.31778991
1.28137302
1.25094688
1.23236907
1.23682916
1.01546764
1.27713633
1.21119452
1.25589585
1.37950182
1.32060385
1.48243773
1.25931764
1.25389600
1.31720960
1.37816060
1.25959325
1.32870221
1.24746835
1.30580378
1.25731826
1.28742409
1.37461209
1.26065159
1.28358126
1.28790653
1.33950615
1.31151259
1.29740286
1.29696894
1.40056276
1.23592591
1.20668077
1.24722159
1.21674538
1.32280576
1.20024395
1.19749904
1.20832574
1.26725113
1.19694185
1.17530727
1.20590854
1.19453084
1.28695178
1.16751409
1.08974051
1.00758624
1.00437415
1.33365321
1.19036078
1.20142126
1.01989174
1.29804301
1.44567442
1.35803151
1.35824668
1.22790504
1.14293170
1.28716922
1.15341973
1.16442084
1.16364121
1.01241827
1.21372509
1.18017840
1.14795411
1.13980007
1.16867399
1.18130803
1.26170564
1.41461551
1.19916856
1.11440301
1.08996773
1.31808543
1.16516018
1.13151014
1.19985008
1.04900002
1.17798185
1.26128805
1.28544343
1.13409805
1.06171107
1.22859597
1.29446352
1.12997878
1.08030725
1.22176552
1.13402963
1.03588855
1.11276317
1.36430669
1.05158067
1.01794612
1.17164397
1.29238117
1.25578189
1.20806909
1.25762045
1.03289628
1.14502060
1.32746136
1.14758945
1.16245937
1.21918476
1.25233757
1.34136558
1.24767518
1.22265196
1.19367468
1.10925221
1.25279069
1.20960462
1.32939589
1.40860391
1.10484374
1.11529040
1.08176482
1.07061017
0.98745942
0.98636234
1.01128280
1.05189776
1.00804114
1.16781294
1.04022574
0.90105247
1.30473089
1.32428539
1.10074759
1.02841926
0.95648527
1.11058879
1.09652078
0.88644624
1.14002275
0.99196529
1.17554307
1.17050707
1.15915358
1.25161994
1.24913239
1.06670833
1.03406036
1.02587867
1.13137770
1.13467395
1.22189856
1.00681043
1.12892509
1.06043339
1.13548207
1.12723053
1.05881107
1.16638792
0.96602798
1.04622626
1.25768328
1.17406011
1.10367846
1.12389445
1.15682805
1.07018507
1.09659505
0.98635483
0.99471891
1.06237161
0.98024023
1.10743165
0.94128680
1.00682831
1.07644701
1.18619657
1.16525710
1.19955969
1.12761998
1.04460716
1.17086470
1.18069148
1.01929259
1.05312634
1.16132057
1.06967378
1.12504435
1.05147946
0.98803258
1.18567634
1.07252240
1.18083537
1.03361332
1.25841737
0.99352467
1.16550422
0.93754482
1.05148828
1.00472844
1.14524984
1.23448730
1.15273023
1.05479026
1.18874848
1.06877768
0.99433345
0.94495893
1.16516232
1.02961504
1.13548791
0.90626186
0.93340522
0.97930747
1.10823131
0.83713329
1.06568313
1.04834151
0.98897392
0.95318317
1.07807040
0.87547189
1.24581599
1.08783150
1.07469058
1.15795732
1.25096226
1.16658401
1.12380767
0.80500817
1.15997744
0.85611546
1.09803247
0.98278469
1.05084705
1.12429881
1.16976142
0.99199688
1.08351302
0.98658776
1.03001118
0.99205446
1.18499684
0.96817255
1.15694571
0.98435593
1.09254050
1.05891776
1.17153156
1.12195194
0.98459560
0.91599166
1.15872931
1.06797314
1.04519510
1.05918717
1.03017402
1.10138226
0.99666011
0.98956686
1.07857478
1.10714650
0.99541199
1.24313951
1.14833355
0.96873063
1.24055004
1.11617410
0.92813492
0.92491078
0.96068537
1.14656484
1.08963740
1.03482604
0.97933757
0.91083229
0.93712950
0.90203571
0.83746910
1.26842701
0.86672652
0.91269118
0.94849885
1.16952980
1.02045238
1.03848124
1.17392910
1.02865362
0.99014270
1.15386593
1.00751078
0.89615893
1.07403731
0.93160641
1.13338852
1.04310060
0.95434028
1.02536988
1.22065437
0.96238977
1.03077853
1.00360024
1.02185512
1.02638328
0.97376299
0.83771628
1.11213970
1.10485053
1.21066904
1.01544285
1.03154480
1.20168293
1.20023561
0.94254768
0.84125686
1.05604827
1.05066824
1.01019549
0.84248030
0.85239106
0.97474718
0.93015444
0.98812962
0.91095018
1.05128312
1.26790595
0.98744404
0.86270261
0.77460814
0.81680536
0.98477173
0.91705561
1.10629070
0.99435276
0.83016956
0.85656762
1.03650773
0.87270820
1.10415769
0.84245658
0.89754617
1.02249956
0.80595094
0.93119884
0.80864751
1.15822768
1.08469534
1.01418388
0.88977045
1.15891457
0.79414135
0.90150374
1.22368264
0.87703574
0.97858763
0.95806479
0.86772931
0.88296652
0.92108005
1.02958894
0.79200995
1.05387437
1.09194994
0.90677887
0.89243281
0.91567826
0.97066081
1.15437305
0.72952944
0.90262836
0.99475491
1.06228089
0.97099662
1.18377662
0.95576596
0.96812761
0.86183619
1.04032516
0.85582578
1.21576214
1.00100625
1.01194227
0.90674376
0.90147418
0.99912316
0.97197688
0.87492192
1.02464056
0.81723797
0.90700603
1.02305508
0.92714405
0.94394195
0.99798161
1.18933845
1.19243968
0.94264770
0.75698620
0.92612648
1.06765008
1.05152893
0.91117030
1.01224875
0.87708533
1.00270665
0.85565972
1.15984321
1.09386587
0.91327989
0.92768317
0.99866009
1.07853031
0.84881604
0.92338616
1.07604015
1.09686089
0.86109281
0.86134040
0.94878745
0.83785975
0.88930017
0.87248981
0.85646087
1.03517866
0.91503680
1.07583952
0.95755196
0.92036510
0.97260714
0.96001613
0.93097657
0.99753147
0.68661290
0.76173890
0.84668142
0.90118158
0.83506429
0.85698795
0.66171563
0.95585728
0.82133436
0.85308415
0.95557892
0.85832000
0.91834748
1.12429023
0.94357342
0.80587137
0.89482421
0.79514933
0.99158311
1.04403186
0.96651661
0.83838856
0.82862204
0.88677192
0.75510180
0.95079249
0.97229487
0.82879919
0.93062657
0.95495260
0.94913363
1.02024460
0.94193071
0.87317801
0.92439544
0.97867191
0.95023757
1.03049064
0.94528079
0.90177733
0.89777756
0.92257065
0.87352550
0.83861279
0.69338918
1.22946751
0.94313306
1.19752550
1.00818014
0.92525983
0.96591258
1.00581741
0.89227235
0.79977250
0.75649166
1.02908862
0.87536591
0.79451078
0.94451690
0.92620158
0.93274701
1.02929842
0.89733160
0.86796367
0.95139271
0.86609149
0.87032831
0.87647688
0.97722572
0.92748588
1.05528569
0.89466405
1.11353016
1.02093112
0.84023154
0.95262808
1.06751323
0.90975523
0.96609551
0.85075766
0.79313493
0.83634353
1.00143695
0.96817255
1.03545427
0.76610702
0.82297671
0.93089676
0.80430543
0.78385264
0.93865168
0.86015135
0.86208570
0.97284180
1.04091501
0.98145497
0.89307743
0.97414768
1.08698809
1.04618192
0.73615700
0.72157556
0.92118406
1.06838584
1.02767849
0.96137595
0.84612781
0.89806992
0.82422286
0.88883263
0.92282903
0.84846640
0.84403950
1.05584931
1.03038192
0.93105733
0.71504396
0.98866236
1.13233685
0.88177061
0.94849813
0.95215499
0.78876543
0.90178752
0.84599406
0.78209007
0.85569084
0.84650171
1.18421817
0.85589546
0.83435130
0.93561482
0.83129191
0.86479461
1.08001590
0.87666345
0.75550020
0.86342210
0.93135536
1.00941277
0.95742464
0.90807170
0.92975938
0.82610738
0.89512151
0.93100858
1.06160796
0.68281138
1.08723593
0.70934027
0.77127850
0.89358908
0.94573504
0.81576347
0.88291693
1.16286659
0.96247077
0.99914515
0.88458997
0.77747881
1.02452302
0.99047190
0.81346250
0.88643873
0.86719096
0.96812701
0.79814935
0.88743109
1.00608766
0.83116019
0.81312734
0.76564348
0.73970151
0.63750637
0.80102891
0.84954584
0.77328283
1.06263793
0.88708156
0.88346422
0.85546035
0.80135143
0.97393906
0.95285475
0.84790093
0.89921010
0.84818280
0.71320188
1.05950606
1.09172237
0.83813369
0.85889745
0.81377614
1.02909446
0.86317939
0.98549902
0.80216360
0.81710839
1.01936877
0.89905518
0.81875229
0.77498007
0.90146351
0.82392800
0.85953826
0.92131144
0.74589187
0.70834363
0.86446059
0.86173809
0.80345452
0.89183795
0.89840311
0.83726597
0.93798250
0.72590411
0.76878953
0.98428553
0.92287529
0.84046686
0.86219418
0.79968345
0.81522548
0.78800464
0.82750010
0.68908852
0.78461576
0.79448283
0.88184774
0.79933077
1.07640541
0.91312939
0.85459065
0.75160605
0.98942327
0.80264676
0.98050338
0.96893167
0.78238922
0.80929494
0.82344747
0.83287108
0.69069231
0.75924778
0.83565372
0.73912609
0.91064954
0.89662874
0.78790402
0.66005230
1.01555121
0.78042960
0.92759478
0.93400347
0.95039123
0.69062138
0.86066037
0.82809770
0.85081530
0.91683894
0.92577368
0.86045235
0.99101228
0.76251549
0.70004898
0.77455580
0.80499685
0.81850928
0.98316306
0.69018489
0.84484458
0.92393339
0.77018124
0.76436949
0.72759968
0.85492325
0.67032731
0.72130406
0.82325447
0.92579937
0.88953692
0.87574625
0.92756629
0.86874628
0.82271683
0.76488340
0.76459962
0.84297812
0.92150933
0.88029677
0.78329873
0.92901409
0.77057755
0.87105656
0.89564359
0.97195733
0.67336547
0.96614689
0.91895163
0.78415060
0.84679031
0.82029414
0.71747535
0.70025909
0.70164996
0.99315596
0.79617959
0.98484343
0.73021924
0.81068468
0.75037622
0.77097803
0.85337585
0.72843760
0.83435559
1.00428796
0.74935591
0.84707713
0.73859251
0.66073334
0.84855449
0.67594111
0.79660213
0.85314429
0.75364935
0.90615433
0.76688308
0.82319081
0.65393907
0.77068079
0.77743328
0.74130690
0.71737993
0.94605613
0.83786160
0.84502029
0.80916405
0.80499685
0.86600190
0.65917981
0.73513710
0.94596672
0.75296468
0.80599129
0.78481460
0.97688276
0.95317125
0.83562011
0.78034866
0.86514914
0.85358268
0.74545634
0.67933095
0.71088994
0.66336536
0.80739760
0.86793882
0.89734966
0.73640072
0.83616340
0.83304465
0.89180958
0.84579545
0.64020401
0.79898471
0.87456918
0.69063246
0.65726858
0.64923382
0.80746001
0.71139824
0.83249682
0.74209350
0.71286404
0.85284770
0.81059694
0.73870134
0.72789115
0.76207173
0.92166096
0.79664284
0.86376703
0.88941526
0.95298159
0.81269598
0.66797149
0.76579893
0.77524924
0.83975482
0.76696908
0.76457506
0.77553833
0.71691757
0.65277958
0.66679001
0.99634695
0.83299810
0.80118346
0.80255163
0.80732989
0.60939020
0.71055865
0.82255214
0.63390827
0.79171610
0.80010700
0.57126606
0.74936962
0.89868802
0.80760056
0.65967357
0.56538284
0.82485515
0.75313705
0.96467149
0.79471433
0.64151609
0.79134095
0.70553756
0.85424334
0.81918466
0.78839445
0.97133523
0.76870680
0.92054224
0.62793362
0.75019765
0.78423166
0.96261263
0.79903972
0.72419029
0.88388735
0.95364982
0.65536046
0.63706124
0.61151022
0.68103456
0.92919457
0.82865870
0.74408323
0.77959442
0.90430498
0.78955561
0.83053130
0.91047031
0.75730896
0.70507449
0.67318094
0.77336085
0.81820089
0.68681657
0.82357353
0.87372994
0.78448379
0.81303191
0.88600749
0.67879474
0.84196186
0.78676629
0.71000004
1.07770467
0.89151084
0.92849880
0.83153784
0.79574364
0.87166119
0.80786240
0.75008488
0.68281287
0.77706569
0.68771756
0.74778455
0.74767023
0.78523624
0.64053851
0.76455015
0.79378057
0.73307204
0.83170116
0.93400621
0.78241473
0.80504143
0.72769988
0.85596979
0.67629421
0.71476114
0.70826197
0.87564880
0.82520628
0.91066825
0.73170024
0.68808413
0.88686585
0.74139744
0.85101360
0.70450658
0.76433289
0.71797860
0.82234049
0.82127553
0.93012989
0.84797168
0.73364520
0.77720630
0.92346191
0.70816445
0.85238504
0.85869169
0.56957221
0.74580121
0.65603465
0.81800973
0.77763975
0.84387767
0.77007747
0.70929027
0.89862859
0.65542209
0.84405136
0.65080976
0.96020150
0.61124575
0.74086905
0.64612281
0.84086406
0.71674728
0.80178171
0.88799655
0.67916214
0.83993816
0.73653758
0.73875594
0.75320822
0.74835742
0.65276331
0.73933947
0.89690173
0.73463809
0.63802600
0.78237778
1.04779577
0.75464761
0.66835392
0.84340167
0.70981085
0.82355905
0.87689018
0.71998322
0.79883015
0.82456243
0.74528044
0.77995956
0.67770040
0.83343244
0.85805070
0.68819129
0.67655933
0.62210959
0.81766963
0.74670231
0.79457784
0.81157589
0.60914749
0.80502260
0.72153932
0.84210140
0.71956950
0.81468999
0.93788278
0.86976540
0.80928850
0.72259456
0.59909999
0.71185797
0.77160609
0.73216593
0.71038246
0.89058745
0.91347039
0.86387348
0.77114165
0.62445241
0.58748096
0.63576001
0.67153525
0.80602390
0.75180566
0.78538811
0.71406454
0.64963597
0.70252633
0.70984751
0.82212716
0.75098461
0.58835089
0.76245630
0.72624016
0.97411680
0.75193322
0.83196211
0.83329618
0.84640843
0.79634839
0.69199610
0.58230984
0.88920802
0.81699586
0.79424953
0.68818939
0.78461254
0.75359780
0.66259146
0.72655851
0.72501004
0.69247818
0.74302769
0.65161031
0.54396427
0.68273008
0.72306836
0.57474309
0.75570071
0.77090418
0.75827873
0.80840254
0.72808069
0.56417382
0.63669777
0.78723717
0.71785688
0.87958556
0.76283455
0.57640767
0.68453872
0.82155275
0.71434021
0.81939435
0.66692996
0.80653936
0.74778998
0.79190540
0.57052308
0.63333970
0.66431612
0.58765489
0.80652881
0.76829731
0.75094879
0.76205570
0.77438605
0.82078248
0.85271412
0.69217485
0.62098145
0.93600488
0.71598941
0.78623927
0.65526974
0.68828261
0.66883659
0.74604630
0.72175056
0.67416048
0.60893476
0.77800566
0.59062541
0.70881605
0.64594263
0.66105974
0.75701487
0.73198342
0.66810608
0.68370610
0.71115321
0.66936243
0.84946954
0.85713309
0.63013625
1.07910943
0.88417053
0.69559461
0.74752897
0.80193257
0.64955634
0.63507330
0.77166653
0.74961048
0.74907321
0.82698548
0.67362010
0.73191345
0.87595010
0.61000335
0.62801278
0.64835435
0.78726900
0.64068067
1.05100775
0.74188745
0.53012407
0.79755664
0.80854052
0.61705792
0.67801905
0.65162873
0.71176130
0.81048512
0.72013223
0.69272518
0.62972271
0.76577991
0.68857539
0.73204136
0.70036238
0.68418157
0.71577585
0.90160346
0.72580642
0.76191717
0.76612794
0.70543718
0.78541607
0.69007874
0.55082822
0.64744294
0.54907966
0.71542901
0.84917951
0.64568883
0.77900404
0.61618066
0.66544771
0.71925509
0.85508072
0.86230564
0.73571324
0.71199846
0.59266567
0.67192078
0.67652309
0.52079821
0.67373216
0.65838552
0.65248817
0.71825755
0.76297140
0.60081565
0.53948951
0.69494349
0.76591796
0.65563166
0.68615395
0.61246377
0.90425098
0.57791382
0.71724212
0.49416649
0.63147181
0.64996934
0.67164671
0.57907963
0.60735434
0.64847815
0.75905859
0.61190355
0.76755792
0.70540011
0.70829129
0.69002211
0.84407538
0.68319821
0.46722686
0.81492710
0.63468248
0.84671402
0.65038919
0.68038118
0.59988880
0.64709401
0.71969730
0.58494985
0.74481356
0.50471890
0.66886926
0.83032334
0.87083149
0.81870669
0.63040280
0.61015546
0.69520473
0.60620642
0.81739962
0.63385057
0.52924526
0.65478241
0.80609238
0.56568766
0.56505579
0.84059900
0.55695361
0.63054061
0.52291602
0.55067921
0.69397491
0.61821103
0.92538238
0.72055978
0.55504346
0.52728009
0.72713715
0.62034315
0.83585268
0.76177669
0.69871390
0.65411842
0.75078797
0.66910744
0.66919506
0.65482098
0.58228505
0.87332797
0.75515962
0.66566956
0.69710696
0.67160690
0.83661294
0.72718370
0.67160332
0.72321165
0.62943697
0.86486161
0.63066590
0.54535913
0.66182637
0.66276538
0.62268853
0.71638322
0.72132123
0.67454255
0.51570946
0.74676502
0.59509480
0.68813026
0.60544384
0.47878397
0.77101457
0.62120146
0.60008579
0.78109294
0.67642152
0.58637786
0.69398451
0.57625061
0.62587196
0.66506279
0.74668133
0.61921459
0.49185556
0.67848098
0.64740992
0.47686374
0.64041102
0.75681764
0.62174702
0.70318609
0.63522601
0.67958176
0.62178850
0.69825542
0.76660925
0.86645144
0.66059470
0.61807954
0.63518739
0.60514253
0.72591555
0.69509590
0.62217772
0.59425110
0.65594554
0.74414790
0.66665322
0.63006073
0.60968244
0.84675932
0.88627887
0.63397020
0.62190330
0.70239526
0.42970636
0.69164950
0.72996533
0.52723086
0.74486351
0.55817974
0.50965595
0.55855441
0.65439653
0.53138709
0.64499509
0.61156201
0.55148304
0.74133110
0.75222373
0.62087315
0.54093260
0.70401609
0.73471087
0.59586239
0.52487671
0.50027961
0.69455588
0.63471121
0.67258322
0.65082508
0.62802130
0.62763327
0.64824080
0.67138684
0.52881730
0.67825222
0.72662544
0.53975177
0.62877095
0.72388375
0.54985464
0.72732300
0.73527205
0.88713586
0.80062950
0.74893171
0.64246494
0.74376559
0.57377326
0.66911757
0.56117868
0.62297940
0.72181493
0.84483564
0.75879115
0.99148089
0.78869212
0.54908484
0.70063525
0.75093031
0.62384200
0.76953411
0.72030878
0.78394353
0.65480316
0.62824166
0.70915627
0.71187645
0.66945201
0.89223731
0.67289174
0.61422944
0.57995844
0.85024405
0.56326699
0.68685430
0.73898947
0.45483547
0.60866725
0.72664511
0.70337713
0.64751881
0.73198527
0.50464392
0.55448711
0.61915863
0.62332541
0.62949234
0.68490005
0.53894621
0.73667890
0.60536474
0.68479061
0.50474465
0.70661563
0.61780149
0.60946918
0.60118067
0.58427852
0.62039351
0.81686592
0.53772104
0.73422456
0.70053780
0.61435473
0.57596326
0.75896055
0.49572909
0.55811036
0.71763492
0.70143265
0.62287927
0.97505474
0.45402247
0.57232642
0.42979291
0.64811832
0.55104369
0.63122475
0.60154128
0.79593271
0.50368989
0.73035860
0.63907421
0.57382870
0.58966351
0.64151919
0.61567438
0.60036737
0.62883699
0.44665551
0.53828484
0.54832530
0.72744656
0.60488516
0.65559089
0.63074958
0.59917456
0.69123846
0.43339550
0.46340305
0.58126271
0.63006490
0.69509888
0.46301740
0.59282547
0.66996735
0.77669710
0.70601499
0.49050862
0.61634982
0.66848934
0.60143554
0.58179355
0.88985974
0.68326449
0.67286193
0.57657707
0.71145707
0.78209835
0.75346422
0.46124026
0.56742150
0.52673566
0.63143820
0.57801294
0.69068253
0.85614681
0.56665576
0.61836666
0.50854349
0.64734340
0.59439683
0.80732203
0.54530990
0.57205617
0.73989010
0.62129909
0.61016321
0.68148148
0.61161989
0.57202822
0.65688121
0.63217324
0.65317297
0.68960077
0.44047767
0.67143893
0.65008229
0.57770169
0.54402030
0.56545156
0.63350230
0.82459331
0.62926412
0.63413972
0.74400300
0.81180835
0.63349980
0.59511983
0.73771256
0.56886625
0.60956120
0.48389882
0.42879519
0.60575342
0.55061316
0.62180281
0.60783976
0.64461350
0.77229524
0.62590706
0.75928396
0.63994288
0.66976243
0.49906021
0.56861550
0.52098894
0.57855487
0.79129946
0.61188608
0.48977244
0.71079981
0.58915257
0.57398957
0.57558084
0.64825684
0.74717224
0.80559045
0.59823650
0.54117829
0.77178180
0.53368318
0.60271430
0.66306567
0.58503604
0.69200629
0.63980484
0.63627815
0.68532419
0.70555103
0.59705472
0.60036761
0.48003459
0.67555654
0.71931875
0.52435279
0.55769503
0.59137321
0.68657869
0.50661045
0.65775889
0.52885532
0.70196211
0.69468904
0.71255553
0.59837937
0.62270749
0.74142289
0.66437435
0.69006264
0.68008840
0.57907057
0.53593153
0.71267843
0.58392024
0.72034073
0.49919152
0.63998652
0.65654075
0.55410028
0.59414375
0.54937005
0.74500132
0.46234459
0.48627436
0.63963830
0.51604265
0.75324333
0.54931939
0.68411809
0.48510173
0.55666411
0.74446088
0.65341699
0.75541693
0.63032490
0.74034894
0.56265444
0.58334595
0.56167233
0.55829036
0.76906824
0.48235732
0.79367238
0.64158958
0.73687267
0.47014076
0.64503026
0.53912914
0.51934469
0.55946064
0.45064956
0.49273664
0.52036369
0.60886705
0.51032829
0.67288613
0.61004877
0.53999108
0.63504243
0.63996738
0.57992530
0.51023299
0.50607091
0.50147378
0.64396292
0.60487795
0.54129469
0.69364262
0.40029812
0.79242295
0.60427833
0.63836467
0.54086804
0.60980415
0.52016485
0.62579060
0.79713905
0.62989247
0.68526489
0.53286672
0.53227872
0.70459056
0.51595360
0.48355013
0.67538822
0.73290932
0.59887069
0.63936341
0.49755210
0.59127665
0.62873286
0.86181885
0.56311107
0.59909183
0.58905065
0.56169260
0.64947724
0.62365168
0.57394421
0.57397294
0.54918969
0.39895296
0.55485106
0.52609241
0.61854458
0.60520494
0.60341454
0.54693025
0.53140825
0.61401391
0.47244334
0.78960025
0.59168524
0.55619282
0.62115604
0.72141200
0.52643597
0.59359932
0.57868445
0.57808137
0.68149650
0.61572033
0.73372126
0.59661919
0.57526147
0.57920218
0.66188955
0.60609925
0.58680892
0.71120918
0.46352422
0.60598087
0.71163130
0.70777905
0.83906364
0.57232946
0.59717637
0.63490677
0.62049305
0.86732399
0.70906198
0.55855161
0.64051867
0.60074151
0.54867840
0.65469909
0.59328419
0.63291472
0.64113653
0.46334791
0.62182170
0.64342809
0.45180219
0.57586503
0.58670175
0.61787492
0.49083453
0.51063037
0.58347774
0.65595126
0.45161361
0.62443501
0.48181710
0.73929358
0.65255409
0.53428197
0.68896353
0.65337849
0.57585448
0.56295991
0.68920720
0.52492136
0.58651602
0.61814743
0.69640076
0.65773749
0.60518289
0.60109520
0.68132001
0.57052004
0.65715790
0.60924464
0.65937448
0.56318808
0.53129625
0.51518512
0.61274064
0.51915681
0.63550144
0.63841558
0.68957889
0.47443402
0.84077930
0.60771585
0.57168001
0.57930768
0.71328545
0.70476496
0.72203588
0.74014103
0.37289104
0.56092489
0.51476759
0.54189420
0.64688092
0.50765759
0.65519941
0.53571427
0.59308219
0.59177458
0.59987658
0.60513198
0.59352201
0.41300642
0.65787709
0.51963979
0.51374936
0.50290763
0.47284287
0.53969979
0.42625585
0.55630434
0.50933659
0.60544187
0.56577682
0.50904292
0.58277369
0.60870862
0.68142468
0.55429608
0.62864411
0.62451243
0.46639436
0.58549237
0.61747086
0.56488729
0.62741089
0.68833137
0.54061657
0.40791696
0.39569265
0.50055003
0.48404670
0.62804317
0.52618462
0.51091743
0.56315565
0.46785209
0.79262912
0.69404161
0.46621263
0.53728205
0.51907390
0.72622871
0.50361139
0.71323252
0.66572142
0.68167961
0.66890121
0.50534678
0.51464534
0.61249971
0.61697185
0.54933715
0.43654066
0.51763773
0.54104972
0.59001660
0.44362226
0.56838340
0.65321028
0.52983922
0.54236305
0.50636166
0.58358812
0.56429040
0.52233684
0.56653368
0.44750407
0.60208857
0.54589367
0.59292668
0.52916992
0.56744975
0.44285324
0.57270288
0.47985998
0.70098507
0.52774471
0.54677486
0.49391386
0.68092906
0.48203099
0.51360071
0.58710235
0.52869236
0.50398427
0.37946445
0.51183403
0.60508776
0.54714215
0.36877856
0.49980357
0.45346141
0.62518215
0.64089674
0.40485704
0.60420251
0.58194500
0.64933467
0.66077471
0.44441265
0.46064907
0.50176334
0.53005856
0.55492556
0.43174136
0.55137795
0.60091364
0.65853834
0.57844484
0.53315234
0.53600007
0.64430267
0.61451089
0.53046513
0.53115696
0.64660585
0.59751606
0.67544502
0.74443978
0.42449546
0.56436878
0.70052302
0.62086022
0.50975925
0.49785832
0.49816999
0.67654347
0.52104765
0.51831090
0.43274346
0.47409481
0.73139638
0.45787862
0.46344537
0.66695952
0.72150838
0.43774283
0.55197001
0.43433508
0.64970326
0.50658262
0.65036035
0.54981756
0.43011123
0.62757903
0.43129092
0.46134722
0.47687900
0.37387359
0.63375783
0.59317601
0.66228312
0.59358054
0.56572461
0.46463513
0.63932723
0.54110265
0.47536796
0.45854723
0.63405848
0.55732703
0.65387344
0.80809748
0.52237749
0.57709569
0.46264845
0.50718278
0.67755699
0.47241589
0.62175649
0.45966941
0.55189508
0.55674785
0.43970972
0.55976892
0.63265061
0.63119698
0.54529333
0.64337265
0.55496264
0.59060407
0.59053576
0.66565102
0.76150060
0.64997017
0.58481866
0.54965699
0.68161166
0.60164559
0.55556291
0.58140004
0.56651157
0.68560553
0.64864224
0.63786972
0.59669751
0.64241743
0.66523826
0.66366851
0.53512233
0.61851668
0.56466132
0.52935660
0.67486787
0.71568060
0.64219153
0.53095061
0.57537514
0.44800830
0.61582935
0.58060336
0.68588513
0.53392881
0.47280353
0.39628857
0.57498360
0.50419724
0.54719949
0.59858263
0.52657974
0.64130676
0.56598520
0.53947765
0.47381577
0.66139519
0.50627172
0.76256883
0.48408943
0.48899895
0.50679928
0.50892830
0.57719874
0.52753991
0.47752208
0.44690239
0.64117783
0.70444864
0.51160061
0.58361006
0.74861348
0.73283106
0.67957366
0.53313720
0.46606490
0.60606921
0.56292129
0.59755135
0.44253650
0.58350730
0.68007290
0.68385303
0.69595158
0.43321010
0.61908495
0.57079881
0.55052304
0.61870730
0.47992992
0.57064986
0.63763565
0.58366644
0.46243808
0.45714018
0.61575890
0.50764453
0.46777815
0.61897385
0.54861224
0.36748782
0.77693760
0.54310995
0.39358151
0.49723762
0.45793611
0.52849317
0.65189165
0.67743230
0.51438582
0.57134277
0.79016930
0.42899084
0.47612143
0.62326640
0.61593109
0.70416772
0.50093597
0.57675326
0.54274988
0.55587715
0.59069556
0.52532738
0.52153885
0.44009006
0.70814884
0.60131001
0.51757073
0.55457664
0.50212514
0.56612480
0.45488703
0.59050256
0.73854071
0.40081894
0.49281052
0.50345778
0.52844834
0.63658702
0.50297737
0.48755315
0.69407558
0.65413392
0.73794210
0.72559464
0.46535724
0.41930950
0.64982164
0.64417404
0.50366098
0.44025671
0.61172432
0.56979644
0.47799224
0.46680272
0.54383361
0.62101728
0.47348976
0.44941396
0.68541229
0.41578946
0.53367698
0.66637945
0.68245012
0.63407159
0.55752099
0.74388230
0.64940989
0.55066013
0.49486762
0.56726730
0.57558990
0.63836408
0.51679826
0.67463553
0.47759193
0.61361432
0.49243903
0.61302489
0.41948098
0.66746390
0.60542083
0.51346129
0.59273732
0.44111556
0.40009761
0.44780558
0.40170553
0.56282520
0.41262728
0.50288785
0.50056815
0.50235415
0.58712322
0.56654215
0.51986200
0.42224795
0.44558570
0.53044504
0.48180911
0.53867000
0.43478090
0.55662072
0.68619347
0.49848676
0.54502034
0.40133417
0.52931863
0.44533172
0.53504348
0.55707484
0.55784953
0.42330876
0.51409328
0.54565215
0.40323478
0.61003292
0.58158898
0.64312887
0.54301363
0.58242941
0.60657287
0.49475381
0.44598317
0.43976080
0.56476927
0.38898832
0.53320003
0.47057432
0.44023657
0.53679883
0.50672734
0.35301918
0.52976143
0.53619403
0.39883709
0.35603100
0.57139450
0.51060247
0.60019612
0.46660900
0.54456073
0.51697087
0.57584137
0.59649652
0.68663597
0.51891482
0.51433790
0.68439597
0.45302349
0.58779442
0.48739636
0.53278935
0.57052314
0.53061861
0.37436756
0.42337936
0.47850466
0.50839353
0.49759001
0.39058638
0.59996998
0.64533824
0.56980991
0.72609258
0.48079216
0.36795646
0.62900239
0.47914773
0.51812047
0.50422877
0.52860427
0.44532895
0.53312558
0.62758636
0.64502251
0.53960800
0.55132383
0.48221767
0.62727749
0.44682229
0.57598144
0.59347594
0.56668013
0.37089476
0.44723758
0.45837015
0.49543786
0.49372408
0.53807086
0.73184294
0.66163814
0.59960938
0.39517802
0.47722742
0.48087028
0.49860796
0.58155030
0.51698512
0.43135920
0.66449702
0.50455332
0.69053864
0.55975944
0.29921484
0.49152148
0.53289449
0.54092890
0.45440549
0.59828091
0.54984593
0.59813488
0.57258797
0.41566491
0.58220279
0.47047991
0.65960270
0.36598527
0.41871971
0.64247727
0.58364463
0.46977723
0.53375554
0.59659910
0.39941674
0.45511025
0.65207392
0.50729519
0.32278907
0.50533992
0.59503162
0.59045500
0.55563831
0.39297459
0.64758450
0.64036572
0.58924538
0.55169713
0.52706432
0.52375889
0.64942956
0.44708365
0.57702959
0.50244021
0.63649875
0.43286115
0.61592269
0.47814906
0.62991548
0.58997887
0.66485071
0.44264108
0.47680372
0.39453542
0.50339359
0.56497043
0.54443979
0.52170080
0.47997642
0.47778094
0.43792716
0.53112221
0.43052524
0.51627380
0.51702332
0.63267308
0.52841926
0.51645190
0.50554079
0.55934000
0.58799374
0.47429049
0.60992587
0.51928973
0.53730059
0.33079806
0.34509355
0.48626882
0.56602502
0.47304276
0.42140764
0.49069703
0.47957176
0.47240520
0.48044592
0.46546605
0.52866763
0.67427564
0.49319142
0.47603363
0.42466983
0.49612147
0.54103029
0.47657821
0.63325977
0.56781173
0.55964887
0.62883943
0.64523196
0.52849758
0.50308967
0.47628197
0.46292794
0.39376891
0.52809995
0.35351712
0.43792468
0.52679777
0.49781498
0.46879959
0.50139546
0.64189720
0.49870372
0.46196324
0.48440927
0.64199710
0.44901481
0.55585408
0.46460068
0.52089828
0.47286364
0.33897039
0.59101999
0.50976515
0.44256824
0.67064083
0.53174239
0.50889510
0.56278586
0.52929974
0.42865315
0.40828764
0.62882686
0.55439156
0.41490781
0.41582221
0.38656622
0.49924940
0.53613955
0.47892132
0.64013350
0.54215205
0.55235255
0.44867474
0.51236922
0.51959920
0.50287133
0.57143342
0.60813582
0.60472953
0.50924808
0.44973794
0.58012825
0.51242626
0.44945529
0.50197768
0.67023408
0.41851580
0.76328540
0.37719151
0.58397543
0.48932743
0.57401574
0.39780471
0.59575039
0.65421730
0.49988863
0.53143954
0.50939316
0.56872964
0.58016121
0.55345482
0.54689747
0.52262592
0.64767218
0.55860281
0.40637034
0.42401776
0.35272536
0.47220880
0.44117483
0.67777359
0.63114345
0.51996875
0.47739786
0.60644531
0.60467863
0.60153878
0.46282712
0.67425042
0.47495157
0.51321757
0.55644286
0.60012746
0.49972343
0.51911926
0.73058420
0.43460315
0.38775402
0.38746649
0.38615382
0.60775399
0.53059065
0.38110971
0.46611977
0.56733561
0.38613600
0.70598221
0.53871661
0.66500092
0.71035057
0.39560264
0.57999027
0.47551811
0.54484379
0.44321257
0.64463699
0.58607519
0.58733028
0.63078821
0.51892292
0.37181509
0.59199196
0.49905771
0.54331917
0.51279688
0.58750975
0.49406648
0.50631911
0.54194844
0.51472676
0.69299400
0.53604931
0.39662272
0.49395445
0.67502391
0.48554304
0.55795026
0.60456681
0.47282201
0.49894056
0.44957218
0.35838258
0.42553940
0.45136052
0.46859151
0.51020086
0.52290785
0.43484741
0.46926737
0.43781489
0.41336817
0.47472239
0.56870830
0.45540196
0.47409567
0.36813200
0.53941190
0.52339113
0.58691514
0.39356792
0.52718377
0.54478812
0.52669203
0.46310267
0.55845571
0.50911337
0.47767866
0.42459294
0.41780055
0.47794390
0.55657017
0.39227340
0.51415646
0.55797428
0.48538768
0.35976678
0.37893555
0.36170453
0.48854345
0.56429070
0.51035357
0.37488842
0.45406151
0.29206476
0.40181139
0.53017282
0.59193289
0.58760703
0.43075457
0.44422176
0.40541810
0.45484513
0.62916082
0.47093102
0.38152444
0.44060379
0.35427910
0.51776397
0.54639643
0.47805256
0.35233724
0.46527934
0.45197856
0.42417210
0.37856704
0.65921521
0.39093906
0.49786630
0.61370742
0.48480898
0.54027146
0.49992543
0.58431143
0.46776542
0.40472782
0.37283564
0.54717052
0.41070488
0.60731423
0.44621885
0.52127016
0.63259536
0.46417391
0.42230120
0.48828992
0.46509525
0.45340586
0.43355733
0.46322882
0.63485813
0.41589978
0.37099671
0.55051011
0.47848883
0.60974872
0.32005030
0.40807641
0.46401268
0.44474816
0.61707973
0.47528356
0.40485415
0.50364435
0.42623252
0.33882064
0.40580040
0.41321510
0.57252812
0.45933712
0.49700129
0.43158862
0.39897370
0.54404765
0.39567935
0.51332474
0.61960888
0.51482832
0.48567027
0.46425843
0.41503847
0.45361367
0.38572454
0.51451218
0.38833088
0.54961812
0.53716952
0.45382315
0.42750347
0.38811752
0.48687693
0.57019609
0.55278885
0.57384026
0.47648278
0.53622174
0.37555695
0.45112467
0.42458263
0.52553082
0.65248162
0.59750408
0.40600616
0.56168604
0.44445005
0.50337374
0.42047584
0.54654431
0.71861482
0.52068377
0.40187001
0.53683931
0.44774354
0.47089157
0.39034960
0.52550256
0.39386958
0.53692013
0.40885583
0.41865599
0.83703178
0.52728665
0.33492774
0.52997684
0.53027606
0.53647089
0.48465377
0.53009760
0.59472686
0.51071048
0.50521374
0.43074700
0.46696913
0.57703078
0.45089552
0.52480459
0.49725014
0.59299362
0.31032449
0.37546992
0.49748951
0.50431406
0.50911891
0.44769400
0.44727936
0.49353230
0.58438051
0.72704589
0.50123918
0.64006019
0.51432884
0.63305014
0.43468282
0.32593018
0.57288218
0.45703244
0.45446959
0.48251730
0.41662264
0.43391758
0.49847794
0.46285036
0.42668468
0.49042892
0.59356713
0.52577794
0.51757604
0.56584913
0.30907634
0.68859124
0.42919582
0.45667893
0.53427774
0.38184130
0.55670804
0.44967633
0.41633499
0.45861414
0.58641452
0.49812001
0.56354666
0.66848552
0.50179946
0.38650858
0.39659676
0.59584522
0.35322624
0.49231285
0.42299455
0.52029890
0.36882141
0.63458931
0.38322818
0.53252327
0.46206820
0.59540743
0.37898883
0.52224767
0.41328454
0.47366056
0.53585088
0.30018702
0.42146611
0.55149114
0.65834892
0.45717663
0.54922348
0.60392308
0.52096719
0.54997009
0.55923557
0.41815585
0.51597828
0.53118306
0.48583743
0.40462464
0.39497954
0.42270359
0.42561197
0.47858417
0.51203460
0.45610538
0.55649799
0.37337843
0.36294100
0.37970552
0.45796365
0.51039141
0.40249085
0.39642537
0.58563292
0.57522511
0.57323152
0.57285780
0.62949783
0.45910251
0.76508778
0.41286150
0.58647156
0.32634008
0.44218475
0.31656468
0.44954649
0.41638088
0.49598092
0.60855460
0.46925282
0.44058877
0.50098866
0.55510956
0.60028785
0.59502226
0.55734468
0.53673720
0.50106263
0.43988204
0.38743958
0.44254071
0.45572746
0.42574424
0.52116150
0.53212643
0.45243174
0.55286115
0.41489512
0.37791383
0.37690598
0.30999076
0.59455055
0.58992988
0.44104910
0.56780350
0.46132600
0.46331930
0.36925218
0.36917195
0.36386418
0.39039099
0.46112329
0.66022050
0.44198209
0.45167154
0.37901378
0.42916960
0.43342686
0.56571102
0.36749223
0.49363631
0.60966551
0.42836645
0.39437106
0.51052487
0.61267990
0.46656466
0.43896687
0.39679533
0.43591738
0.39679796
0.51953524
0.59412366
0.51821625
0.55096340
0.38154325
0.49446732
0.50848663
0.48504123
0.48286194
0.48036650
0.43044031
0.37862071
0.50391656
0.37218899
0.46188760
0.50462496
0.47105539
0.55504239
0.60549974
0.49279499
0.46123171
0.49158353
0.47176975
0.36356908
0.70488751
0.58165562
0.50800097
0.59562266
0.57852554
0.53310573
0.42974448
0.46148449
0.43596232
0.50792193
0.48330545
0.44725722
0.35712969
0.49667168
0.47995433
0.40205193
0.47086450
0.52441043
0.43571737
0.47542018
0.45800751
0.49116427
0.47231078
0.42953110
0.37556785
0.39838618
0.45156774
0.36769623
0.47830561
0.32047528
0.44709715
0.45686811
0.39093047
0.30760896
0.34861124
0.38188839
0.42271346
0.46492422
0.43357342
0.32136416
0.34630442
0.44323051
0.55565816
0.50559139
0.58367336
0.48637226
0.33405936
0.58323658
0.64032686
0.41718203
0.38252795
0.44724202
0.47090414
0.36270535
0.49101421
0.51803601
0.45138091
0.39733607
0.31908152
0.45481765
0.47530368
0.39256927
0.56217510
0.40808189
0.47692272
0.38587630
0.60516602
0.47045970
0.52078313
0.59720951
0.35453022
0.58147621
0.47559029
0.41557235
0.51703715
0.36471677
0.38331017
0.38382459
0.51015460
0.39462167
0.54305899
0.34621450
0.51433581
0.35032278
0.40842018
0.42293602
0.38142014
0.58686906
0.34885144
0.49162865
0.51635218
0.52817893
0.39373165
0.36747870
0.38960391
0.41773957
0.53166449
0.45297509
0.48848444
0.46918032
0.40049425
0.47402704
0.30155110
0.66038948
0.41090965
0.53328967
0.39881670
0.46341893
0.40663469
0.42563319
0.37163782
0.36037892
0.49372268
0.57250434
0.37470293
0.35689977
0.52837396
0.51116210
0.36990905
0.39453119
0.40266889
0.36894628
0.58630747
0.42809629
0.39447203
0.31522596
0.46261173
0.26810038
0.32930988
0.46596935
0.48720363
0.46100968
0.47363287
0.40866315
0.38828033
0.40846843
0.58293420
0.31435907
0.57204854
0.45117933
0.67810684
0.41427571
0.51304317
0.50241357
0.38021070
0.47007230
0.48403513
0.44897926
0.44741237
0.35042793
0.43575370
0.41690734
0.52143395
0.45354724
0.47345692
0.60264885
0.48013076
0.46560371
0.44098347
0.61561149
0.41867113
0.49092799
0.45766106
0.31207445
0.46236861
0.50143236
0.29698929
0.44103175
0.55519080
0.52081335
0.45592529
0.44026044
0.48602927
0.49238807
0.41456607
0.46295202
0.29084110
0.35018933
0.33141980
0.48494250
0.37150156
0.39588243
0.39901203
0.56806314
0.35623103
0.54196143
0.50532961
0.42338988
0.48344278
0.47315764
0.39717293
0.46332461
0.50355464
0.58234853
0.35419661
0.40982956
0.42161652
0.28538662
0.45303765
0.47831681
0.40118498
0.36871558
0.43667710
0.58831692
0.48033977
0.36484602
0.51241243
0.34872442
0.44365317
0.40164959
0.39364851
0.42447013
0.40199605
0.40152156
0.45970851
0.52478129
0.34384158
0.34864414
0.53131235
0.45121628
0.51541364
0.47675639
0.49184448
0.39402875
0.43611246
0.39028302
0.46147674
0.46503741
0.39209712
0.46482259
0.42594257
0.41039041
0.32773903
0.39106718
0.47074974
0.41814247
0.51419026
0.38069439
0.52978212
0.36691034
0.50744373
0.32560152
0.37357271
0.26277456
0.43143046
0.41468909
0.49514672
0.30889288
0.32321033
0.36915743
0.36697203
0.28629455
0.43928707
0.34959674
0.46311051
0.38219538
0.58317101
0.50358337
0.56606197
0.38693815
0.35943145
0.42164090
0.42300314
0.38944834
0.41599014
0.48720807
0.56002641
0.52302766
0.43270692
0.44451714
0.32453334
0.45280263
0.45724958
0.42550364
0.34968659
0.42835438
0.30835035
0.44670314
0.51504040
0.38408622
0.34823105
0.38806343
0.42898715
0.51550686
0.52504742
0.33235899
0.43049377
0.42812705
0.56171155
0.39087343
0.47179109
0.31402445
0.41421700
0.57792389
0.43555248
0.51224256
0.34381109
0.52267933
0.54405475
0.50010312
0.40228462
0.49260706
0.46012667
0.69507289
0.40421104
0.36642349
0.40999460
0.48970720
0.36370814
0.52036381
0.41668719
0.41783416
0.63949692
0.45449507
0.55301166
0.36904460
0.59552026
0.47725034
0.58607233
0.53432518
0.44760442
0.56951451
0.61128211
0.42098433
0.44685370
0.36170143
0.35313469
0.31203860
0.47440517
0.42397058
0.56978512
0.47563171
0.40532637
0.59902018
0.56919956
0.45830649
0.57649970
0.53745556
0.40782154
0.38700718
0.46196684
0.39244369
0.38909519
0.33559081
0.43971664
0.35996395
0.37260526
0.47833955
0.38042468
0.35102493
0.48351502
0.47294000
0.42350954
0.44949517
0.36776766
0.28731588
0.65804553
0.47499055
0.35490575
0.34009483
0.55166644
0.44081026
0.29042923
0.48149446
0.58078551
0.49852696
0.33591193
0.41262469
0.46363667
0.42545140
0.42332554
0.52852273
0.41358840
0.38812593
0.40588331
0.38648123
0.37110060
0.50317293
0.56597054
0.37842730
0.49836677
0.53189969
0.30840045
0.45310491
0.34848428
0.40306073
0.44447333
0.32038257
0.29762578
0.42208865
0.32040232
0.45631576
0.40426522
0.40098086
0.38669974
0.32990265
0.40543801
0.45549345
0.39641151
0.30268425
0.41184974
0.46939009
0.33580640
0.49804819
0.43901154
0.33434549
0.44601724
0.29052699
0.47267962
0.37708831
0.45326054
0.47210127
0.38361648
0.41179830
0.42252070
0.40231404
0.32872283
0.47179607
0.36882412
0.40640205
0.57030773
0.23157030
0.34011653
0.24383214
0.53984916
0.38795006
0.35109970
0.30144277
0.39245111
0.40412220
0.36384785
0.41353661
0.46182898
0.44716537
0.46005479
0.48586190
0.54243010
0.26357460
0.53559989
0.42611182
0.38235539
0.47343349
0.38599643
0.42875117
0.59352970
0.46798432
0.43464926
0.47555158
0.47648230
0.32109275
0.48350078
0.40362233
0.45501292
0.46325964
0.40707609
0.34412089
0.49526274
0.45460069
0.44013894
0.33371067
0.44912666
0.42117310
0.46473968
0.26070690
0.50365114
0.45443040
0.45881552
0.41415966
0.39673173
0.42623413
0.32388055
0.41534752
0.38023120
0.31831294
0.31560779
0.46566969
0.40844420
0.48884112
0.40532076
0.60330713
0.33418563
0.29612029
0.56932861
0.42064303
0.25903356
0.47172478
0.35182017
0.48951164
0.41497788
0.40920272
0.33252156
0.44564888
0.54258728
0.48948526
0.32272664
0.46428952
0.51739031
0.55034447
0.38151076
0.54337049
0.52759057
0.47405961
0.48308706
0.46326035
0.44477940
0.50865591
0.42138728
0.51037407
0.27358770
0.47066063
0.37040836
0.35782525
0.49509394
0.54709876
0.40645528
0.49448562
0.40164733
0.37777078
0.41954529
0.29320112
0.36712062
0.35139090
0.51028371
0.43570322
0.45106491
0.31020126
0.40954328
0.34360760
0.58191204
0.39714342
0.57243419
0.41384456
0.40781412
0.45377505
0.43029559
0.51524520
0.43078703
0.48468941
0.32714641
0.35788974
0.42752004
0.32282469
0.34191585
0.52022976
0.45371723
0.52790737
0.38265720
0.47495723
0.37480092
0.47669822
0.42348489
0.35311356
0.50697029
0.44187155
0.52305180
0.27146298
0.39394185
0.40405992
0.53331375
0.40372455
0.63019639
0.51055920
0.30679876
0.41784212
0.35156050
0.56557494
0.49504736
0.63688284
0.37791771
0.46784598
0.38028067
0.43204904
0.36593077
0.32411635
0.42026672
0.59535533
0.42495576
0.56858826
0.26054108
0.43706310
0.49652243
0.29235679
0.30397505
0.34667888
0.44718853
0.43702185
0.42389709
0.48551816
0.56252658
0.49796593
0.40370172
0.44922855
0.38765621
0.39623356
0.50663191
0.39936125
0.41364747
0.40137234
0.41561002
0.42063493
0.34435883
0.34227270
0.34171358
0.39362884
0.50769299
0.43685603
0.54912156
0.42878589
0.37001920
0.30033582
0.39739680
0.29118231
0.47980380
0.28669125
0.48351744
0.60643899
0.65666199
0.29312074
0.30804354
0.33640602
0.40402770
0.41242972
0.49636912
0.49299714
0.46070522
0.36050093
0.38813695
0.34267610
0.39927092
0.47266209
0.41601002
0.38900697
0.44607949
0.51727402
0.53953731
0.54908001
0.30995399
0.41835797
0.41271910
0.34090498
0.41296646
0.46397024
0.26822740
0.37786853
0.52913642
0.39365897
0.42539656
0.34054318
0.39034307
0.35458246
0.38484776
0.45161033
0.32057929
0.38505608
0.46240264
0.43016651
0.32929748
0.44355407
0.40074745
0.45951051
0.43801382
0.45021254
0.54692400
0.34552446
0.48008329
0.43850482
0.40228140
0.42544764
0.46578187
0.59366173
0.39585358
0.37880009
0.40998712
0.35198644
0.38929451
0.72631812
0.43854907
0.50081706
0.42761815
0.28933671
0.47918296
0.44433159
0.50048161
0.34284544
0.46339059
0.35910130
0.48643127
0.48250955
0.57468402
0.45219886
0.48699749
0.32431591
0.36722264
0.53226483
0.34867397
0.34512404
0.31464419
0.43187648
0.27121192
0.42725599
0.32929578
0.36925638
0.34231430
0.31591022
0.35338211
0.37862960
0.39556542
0.47004443
0.28390005
0.51115447
0.31494111
0.33654842
0.34480530
0.51666325
0.41713139
0.25425041
0.34307319
0.33098292
0.36864528
0.30133027
0.37806427
0.50919586
0.28847784
0.43575799
0.50819892
0.45291272
0.27713388
0.41429833
0.43870246
0.24839190
0.32791254
0.38118243
0.27695298
0.47867000
0.24831618
0.40428054
0.48948658
0.27055237
0.42495954
0.39407808
0.29705220
0.28093901
0.19298753
0.31700954
0.35233796
0.38864636
0.42632449
0.34408164
0.40874755
0.45775083
0.32337016
0.44685841
0.40562454
0.37916803
0.40236902
0.40468377
0.34705034
0.50622600
0.64972270
0.51870930
0.43332314
0.43606326
0.37478241
0.55934644
0.41739321
0.23820883
0.48257819
0.37543741
0.31142175
0.43464735
0.41439816
0.44481003
0.31478477
0.28018558
0.26681447
0.28703114
0.35707226
0.40626836
0.44994873
0.31738776
0.37608635
0.30888528
0.39084950
0.49414033
0.38986051
0.42133832
0.42285410
0.28789085
0.38507777
0.33200926
0.36428782
0.41657996
0.35135424
0.28498781
0.32584220
0.32160723
0.63387305
0.28591144
0.41421759
0.43694109
0.48021466
0.47569171
0.42396474
0.46216553
0.36347437
0.45675012
0.33039969
0.39660305
0.24713925
0.40024048
0.39073288
0.34049824
0.27743471
0.38393769
0.36678600
0.29737487
0.36409667
0.28344390
0.36265755
0.34370330
0.45087892
0.52972257
0.43004459
0.57503772
0.35066909
0.32648236
0.45071483
0.45285526
0.41358387
0.35182184
0.46943957
0.52483213
0.38506341
0.32458889
0.48533446
0.47851819
0.52495313
0.35142499
0.37430733
0.36622804
0.49943441
0.46054977
0.31016144
0.37594455
0.36047512
0.40799710
0.58146220
0.42552653
0.31833088
0.46774274
0.43787572
0.42786977
0.33100721
0.27778792
0.37283409
0.34578639
0.33919567
0.32885665
0.33621478
0.46702898
0.50252366
0.41587642
0.48415014
0.42431223
0.54760599
0.28585732
0.39829484
0.41962594
0.39589214
0.34463054
0.56761527
0.45645404
0.31288356
0.41048163
0.25812995
0.36688846
0.32451791
0.34590060
0.44026506
0.37066638
0.29056501
0.37160274
0.37269303
0.57118309
0.33944803
0.34411761
0.51928681
0.28415823
0.44217071
0.34303850
0.30525625
0.36040223
0.40530998
0.54316437
0.42428970
0.37234917
0.41102582
0.60594457
0.41760555
0.38905877
0.34299380
0.37370121
0.48708415
0.35795242
0.39506847
0.30818871
0.31902328
0.44263554
0.46642041
0.53082824
0.46159181
0.34975418
0.36500019
0.33887208
0.42082751
0.34713987
0.32568902
0.35714227
0.63458288
0.29889321
0.42440742
0.25154573
0.30246460
0.42094472
0.28286478
0.41068703
0.37884709
0.35976669
0.33520773
0.51208770
0.32153064
0.31654781
0.44118208
0.34205794
0.63409686
0.43287241
0.39773840
0.34436604
0.30577993
0.20415668
0.33605856
0.40305537
0.48667926
0.33145630
0.46720454
0.52824605
0.36569259
0.54448652
0.28085569
0.35194281
0.45551330
0.32486540
0.53741980
0.38384414
0.39490736
0.30348426
0.37259859
0.47905442
0.40635264
0.39365992
0.61277074
0.52026153
0.32536545
0.32646489
0.34356818
0.34753102
0.46432987
0.45526463
0.35411766
0.35543793
0.55539513
0.34796047
0.43718487
0.43332770
0.32795134
0.32785696
0.45932513
0.36435184
0.30090976
0.38104004
0.40093455
0.52576625
0.31701875
0.36819488
0.29829448
0.33760554
0.41619083
0.41774499
0.28041655
0.34628159
0.48161989
0.26622230
0.55022156
0.41746294
0.29850370
0.57853699
0.37285358
0.53033751
0.42253739
0.23542945
0.36227149
0.47413117
0.35122043
0.33090508
0.35066181
0.56261843
0.56345493
0.29916579
0.38404790
0.44229305
0.43314552
0.45433050
0.37074953
0.41862541
0.45554936
0.52215999
0.47959518
0.34861785
0.28522915
0.38200080
0.34697053
0.42149192
0.39586619
0.39988452
0.47872734
0.34746417
0.36832142
0.37268713
0.32632363
0.48695678
0.33307615
0.39094749
0.42370883
0.44129115
0.40594798
0.34607023
0.24051483
0.46812353
0.35376388
0.33772683
0.29661274
0.31424585
0.30741897
0.35239333
0.32662046
0.23431155
0.47218567
0.34059155
0.48945045
0.40565395
0.34249473
0.40195397
0.31009522
0.39398876
0.38493413
0.39309734
0.40590030
0.31092340
0.27168986
0.37727121
0.37202963
0.32834166
0.35383898
0.31268880
0.34964573
0.40478390
0.32722139
0.35831901
0.45460993
0.27700201
0.18994948
0.24753952
0.34638092
0.24711826
0.27656680
0.35016006
0.35517877
0.18419242
0.45531696
0.36560619
0.35607103
0.35147363
0.39269167
0.29343140
0.27298808
0.43303996
0.38691124
0.35000336
0.40889189
0.44458881
0.20990954
0.32761687
0.48231927
0.39260417
0.44955480
0.34727558
0.31954956
0.30249938
0.41283739
0.40613177
0.42830950
0.39627945
0.43178281
0.41609254
0.41079596
0.45568135
0.47980791
0.34030998
0.42591786
0.32113820
0.32817900
0.43666983
0.30873531
0.45170107
0.43495992
0.26701123
0.36961287
0.36468416
0.37286752
0.39859459
0.33590263
0.34090924
0.38473409
0.35221475
0.40019172
0.40373105
0.43992129
0.38611257
0.34542590
0.52042043
0.42905706
0.44369924
0.30727297
0.22185586
0.42164415
0.40525901
0.31849372
0.38009304
0.38386351
0.53933614
0.41270274
0.49111423
0.50204039
0.47026944
0.39100742
0.37532884
0.56299615
0.48038819
0.48496595
0.43095204
0.29828292
0.27531171
0.35915446
0.32311422
0.35508117
0.46029633
0.38846475
0.32623342
0.29123548
0.38400054
0.43323618
0.42373133
0.43336982
0.22077149
0.32207793
0.49087471
0.27348089
0.35807538
0.37536722
0.32831007
0.36112100
0.37741637
0.41559911
0.29261562
0.25662494
0.37004215
0.43276113
0.31583840
0.54136729
0.25644150
0.32512441
0.42444611
0.34765172
0.32950938
0.28937906
0.37473184
0.27409482
0.33297026
0.36191592
0.33896533
0.27570042
0.44807717
0.50602055
0.30724266
0.34978080
0.31166351
0.36467540
0.38266653
0.34358022
0.30689365
0.42134571
0.51857942
0.51848763
0.33501300
0.29600775
0.27281407
0.33474478
0.42811805
0.47540203
0.33553347
0.58913958
0.24654791
0.25474921
0.34613949
0.39047027
0.39364755
0.44131362
0.38168073
0.50591344
0.38563216
0.44773209
0.26682526
0.28758585
0.38248733
0.41587871
0.34813669
0.29963872
0.41690379
0.32759833
0.32182708
0.31593850
0.31304026
0.31642473
0.42636898
0.41706890
0.29879925
0.54815030
0.35181445
0.33790094
0.51582581
0.26721367
0.43601045
0.38210881
0.44804737
0.40606534
0.30522579
0.40795958
0.38590503
0.27137730
0.49525470
0.47594613
0.46319357
0.44803864
0.40409169
0.29718602
0.42556813
0.49590823
0.28524652
0.29035413
0.44762421
0.50085270
0.40932858
0.52553129
0.31720838
0.43334496
0.29369491
0.43003047
0.39122498
0.37723351
0.30752611
0.38502634
0.32015246
0.27468973
0.34562021
0.28674775
0.43757859
0.38290542
0.34602830
0.32379740
0.25918978
0.29236501
0.34055445
0.34259319
0.28077984
0.30539423
0.34507820
0.26596531
0.34130818
0.45469910
0.34191495
0.39202964
0.25877905
0.32617155
0.28528020
0.55108869
0.39260238
0.35153535
0.26914415
0.34426525
0.38006294
0.38200051
0.32355928
0.52256340
0.31646979
0.36650515
0.45285341
0.31870180
0.43324292
0.43473691
0.34898698
0.39283919
0.32306376
0.29525781
0.45401648
0.32534385
0.28675938
0.35315195
0.42047548
0.41473889
0.37119794
0.38595569
0.40917856
0.41682455
0.43784818
0.38839853
0.39846623
0.40494934
0.39692718
0.42674169
0.39279735
0.41525829
0.38732529
0.29965237
0.46480834
0.26281118
0.35812408
0.24187113
0.31644976
0.31824243
0.37093121
0.27973294
0.28698730
0.32955861
0.31568998
0.37245435
0.41927877
0.34465072
0.25491834
0.35511354
0.26138097
0.33750111
0.49642503
0.27162868
0.39021772
0.39971334
0.46234614
0.48538065
0.51666963
0.42275667
0.34013468
0.35758248
0.27649403
0.37344530
0.43982935
0.34204102
0.35847753
0.39789513
0.40223032
0.37102443
0.36699656
0.32331848
0.29001173
0.32021883
0.29422182
0.22649620
0.37369114
0.28059605
0.41097519
0.34039837
0.35437706
0.48293328
0.29921359
0.34944010
0.36629069
0.32440272
0.27035224
0.31452423
0.38019460
0.36524460
0.41523480
0.55060136
0.48100054
0.40107229
0.34203580
0.65496510
0.29218709
0.34278435
0.30856472
0.34550402
0.39314768
0.26314735
0.40596086
0.42686111
0.38712585
0.34743613
0.36221635
0.22834250
0.31773359
0.36430228
0.43083489
0.34530199
0.35028800
0.26120424
0.21828073
0.31917331
0.26414084
0.37810606
0.32367751
0.40215510
0.51689041
0.28995579
0.37197673
0.30217111
0.31052667
0.31887802
0.46394849
0.35302606
0.36400652
0.39472800
0.37640217
0.45045692
0.20370486
0.36513615
0.34412298
0.29724735
0.42349944
0.31674749
0.35369056
0.30183345
0.42352423
0.27332905
0.36256891
0.33458477
0.27407846
0.24344638
0.37374818
0.29533547
0.32943320
0.29051438
0.29436213
0.45732155
0.26310039
0.34044105
0.27653345
0.27780694
0.38406467
0.19784977
0.38536656
0.28858742
0.40841281
0.41779327
0.48510474
0.34766737
0.24145846
0.18762514
0.41932642
0.30861661
0.37910137
0.39680886
0.36983344
0.30088598
0.25138617
0.33743930
0.36483681
0.34177431
0.33011103
0.25187898
0.28295022
0.40399969
0.34022963
0.27021271
0.32625347
0.41374940
0.29796287
0.37923831
0.40396878
0.40329263
0.41699094
0.32245612
0.35854679
0.51173806
0.26016235
0.22149560
0.26155394
0.31710267
0.26375926
0.32522339
0.34735775
0.35242444
0.33526546
0.41402465
0.35345352
0.32818720
0.39857227
0.33077341
0.35324103
0.39283270
0.33798975
0.40379372
0.37092161
0.31816369
0.34262490
0.47843456
0.32723051
0.50641769
0.21063739
0.25255263
0.51853442
0.38137227
0.33376771
0.48521310
0.29086459
0.26963836
0.42076242
0.32487088
0.35422707
0.32690310
0.38689673
0.40714255
0.47501022
0.39917862
0.27703953
0.35384744
0.38331753
0.27448782
0.23965287
0.23483819
0.22873279
0.23300931
0.32970899
0.26426810
0.52684784
0.31302243
0.27460226
0.38720304
0.27138013
0.32601777
0.43991882
0.34451362
0.37242198
0.29957759
0.43082610
0.46030641
0.41099155
0.31404155
0.37976986
0.27641660
0.40104032
0.30569476
0.25992393
0.53375036
0.23625986
0.33100492
0.28133586
0.26145852
0.38892806
0.26556280
0.32147002
0.33413339
0.37363818
0.35428685
0.32390264
0.29288107
0.30730268
0.24978474
0.25794530
0.42390877
0.45325589
0.33784622
0.36501229
0.32018739
0.42568088
0.35312638
0.34026474
0.26275787
0.43306845
0.28156552
0.38282287
0.25396109
0.31610623
0.28494617
0.33129644
0.37062860
0.34702232
0.21166229
0.30503833
0.47090143
0.52948880
0.47646254
0.20998287
0.24010579
0.51852882
0.27339396
0.31497133
0.43892306
0.34229964
0.29698449
0.44596624
0.44773653
0.48646528
0.49469817
0.40611351
0.34351248
0.39002776
0.29275125
0.36950225
0.31866798
0.29251748
0.44194767
0.38595688
0.29443586
0.33750194
0.27950507
0.26109433
0.23585106
0.20167606
0.41722083
0.45262331
0.37373260
0.25841945
0.40366012
0.37419608
0.39923245
0.34206671
0.35682869
0.43703622
0.28047293
0.23265998
0.35691285
0.35492435
0.38833958
0.26411650
0.19671674
0.38608843
0.30232409
0.41249534
0.24850260
0.35282832
0.25077480
0.34240270
0.46569863
0.42098945
0.25550812
0.19381559
0.30772394
0.33879212
0.32742423
0.34844470
0.46858668
0.26882571
0.46708387
0.34041417
0.19757903
0.24584967
0.24513683
0.29315561
0.28115869
0.49091336
0.46459487
0.32137719
0.39248893
0.37320888
0.25612900
0.35393816
0.24502301
0.29607940
0.33349150
0.55636501
0.30631751
0.35803023
0.38776839
0.35540774
0.41163588
0.20436202
0.29191285
0.36648673
0.34197000
0.52905995
0.36995971
0.33716518
0.34926593
0.36995324
0.24782275
0.32802296
0.34601754
0.24332984
0.33206618
0.36577484
0.39140922
0.29150322
0.34318453
0.48483431
0.27906120
0.43004608
0.35045296
0.37595531
0.34119940
0.33681643
0.42043272
0.38857812
0.42594570
0.54774016
0.33264697
0.26671076
0.39669073
0.25822067
0.31236306
0.35994765
0.30312145
0.32265171
0.26436365
0.39984870
0.28187531
0.29060304
0.37158400
0.24125591
0.39575243
0.30917889
0.40323377
0.46040377
0.33111268
0.46710166
0.35166878
0.41593382
0.34946382
0.29951638
0.28999728
0.39418846
0.39322901
0.36549053
0.39433834
0.46291876
0.47410083
0.37482879
0.40039593
0.36416113
0.30227798
0.26429996
0.29855806
0.30716145
0.33494622
0.29120463
0.35431099
0.38284507
0.36936766
0.35091931
0.21645018
0.36498886
0.25865257
0.31749249
0.32328296
0.25002584
0.30828729
0.29765171
0.27987909
0.28191933
0.31603816
0.39447051
0.26467803
0.59055984
0.23719870
0.22578910
0.32192525
0.30912912
0.26768270
0.25223809
0.30144489
0.27525312
0.24110489
0.32479930
0.51909876
0.32844043
0.30170265
0.26066798
0.33025956
0.31585604
0.29484457
0.18071595
0.37343007
0.30558050
0.22696133
0.45036379
0.23620637
0.32035911
0.31779057
0.34615695
0.39773345
0.51739693
0.36085576
0.22589175
0.38895497
0.41123241
0.34650320
0.26012319
0.28136116
0.31353408
0.36301717
0.33150995
0.38431424
0.34534580
0.40013224
0.52014148
0.32871887
0.38981926
0.38412482
0.16608568
0.28306812
0.33564976
0.25963166
0.40221426
0.30948830
0.38807327
0.33501303
0.35684538
0.22629213
0.45998561
0.22844145
0.23258035
0.35393012
0.26938912
0.35473597
0.35486990
0.28525996
0.23402794
0.31665748
0.33170146
0.48677725
0.23237255
0.45194077
0.29464597
0.37836498
0.23475933
0.44286200
0.39127725
0.29044712
0.35264081
0.24914290
0.23448022
0.29491991
0.21087220
0.20217724
0.37519759
0.25995350
0.36232194
0.35779181
0.37779161
0.35443306
0.35240865
0.24385226
0.21042609
0.30691046
0.38808602
0.23055178
0.25061607
0.32645744
0.33177355
0.28573054
0.35030562
0.27375913
0.30154169
0.24774954
0.42427433
0.49111903
0.35479668
0.40882155
0.24180317
0.26796940
0.32697046
0.34189063
0.27348974
0.29137796
0.37266603
0.33582437
0.33062321
0.24285555
0.41829646
0.30829483
0.34777981
0.38168365
0.34464568
0.27423847
0.28898177
0.22310817
0.30993432
0.18641420
0.50040084
0.38507760
0.26428613
0.28932232
0.36185348
0.31862533
0.31002486
0.19837219
0.38885939
0.25555468
0.20105809
0.19360307
0.22441563
0.39821556
0.42108285
0.32473797
0.33007804
0.29318285
0.27528182
0.30974782
0.23773411
0.29809001
0.31717646
0.29522085
0.34341615
0.36321479
0.39983797
0.35933557
0.33427829
0.30754393
0.34746614
0.31990153
0.37947345
0.27492750
0.28094530
0.27562618
0.34319580
0.42419565
0.31727093
0.27936763
0.27642772
0.25071824
0.21259958
0.28012213
0.22158161
0.22024554
0.33664864
0.36326161
0.35179573
0.45588964
0.44949937
0.29429284
0.32574022
0.34183091
0.27761263
0.37653816
0.23046355
0.25361091
0.41874525
0.39256811
0.33527225
0.25663763
0.33413804
0.27335507
0.24368383
0.43237340
0.28165433
0.26901060
0.27898610
0.32199466
0.27280533
0.19333008
0.39122030
0.57546651
0.29310107
0.35730249
0.50294065
0.37616199
0.41501707
0.31617206
0.28981322
0.30959982
0.44180861
0.34674504
0.30800167
0.43435484
0.47807685
0.36196285
0.31760800
0.46070409
0.35581958
0.32263669
0.37304229
0.27132529
0.34705219
0.31702271
0.38233155
0.32706833
0.42619503
0.27700368
0.21434990
0.44957972
0.24961624
0.40882975
0.30799729
0.39330783
0.23296885
0.26899314
0.31512451
0.42169520
0.31960797
0.23900798
0.38047889
0.28739238
0.42354250
0.26486188
0.28129947
0.21954542
0.39234245
0.30094025
0.28746381
0.32898414
0.42196086
0.37639928
0.27374417
0.32622975
0.33128911
0.24443293
0.35105997
0.38080865
0.26101184
0.40642342
0.28923181
0.21964179
0.47541356
0.20971328
0.30052185
0.31666118
0.26555735
0.31877989
0.36214140
0.30970138
0.47497576
0.28085035
0.25189194
0.34552217
0.47017950
0.33056986
0.27518028
0.29564804
0.26554453
0.35577261
0.21620414
0.21960023
0.33165967
0.31195849
0.44879228
0.30967787
0.37612718
0.35601941
0.29915297
0.53062081
0.23683369
0.35206437
0.40845692
0.38376749
0.28490657
0.29597589
0.36974907
0.17896208
0.49696511
0.36108643
0.38458294
0.22169024
0.33368686
0.39308637
0.41179696
0.33242887
0.29342148
0.35193968
0.32964897
0.36511233
0.32415295
0.44853345
0.36303693
0.31714883
0.36914068
0.37005511
0.34757224
0.40831974
0.34816101
0.36053950
0.28903490
0.52734715
0.42668939
0.25041839
0.37758192
0.36837488
0.39113128
0.40423003
0.30498055
0.16581228
0.29744309
0.30594486
0.29629582
0.33986202
0.21330112
0.34320569
0.24726972
0.34290981
0.16505322
0.32782245
0.29694030
0.34024721
0.17549299
0.24688533
0.29101795
0.27290094
0.24017072
0.30632272
0.43462032
0.33950150
0.30611110
0.35744461
0.39434141
0.45015979
0.32198507
0.30716586
0.27012932
0.26006371
0.37091374
0.30436656
0.33530220
0.31404865
0.32130989
0.24214298
0.34886909
0.38781017
0.32421976
0.27123502
0.20843425
0.45312384
0.26746294
0.36103195
0.31338325
0.30737352
0.25101551
0.20913298
0.25000459
0.21178402
0.24262163
0.32182211
0.35415027
0.35534364
0.25043410
0.26868269
0.17203517
0.28018120
0.40219960
0.17656279
0.29216188
0.28981841
0.35885793
0.24525884
0.32059923
0.24567194
0.31334507
0.36060864
0.26284373
0.22302389
0.26500762
0.19800207
0.40140486
0.59855884
0.22191355
0.30347598
0.39603126
0.33929920
0.32645383
0.48547739
0.37009618
0.32678723
0.32935771
0.30327761
0.37755680
0.34823367
0.34960264
0.36608380
0.29429764
0.27232999
0.35081649
0.27633739
0.36186981
0.31689298
0.30493364
0.22259030
0.34577650
0.26498681
0.29576087
0.24405570
0.29216862
0.37528232
0.22329527
0.33789724
0.37858033
0.22661889
0.30648819
0.30677474
0.18651713
0.35227802
0.32327217
0.52969259
0.19332781
0.18972549
0.34988171
0.28799629
0.23315066
0.25322986
0.45186746
0.16676231
0.32327870
0.19309042
0.25687638
0.21334186
0.35778934
0.25941420
0.18715516
0.32178262
0.31637108
0.38572246
0.23238143
0.32115784
0.20746119
0.34394848
0.25651312
0.21120796
0.29395032
0.24406558
0.31391561
0.35808396
0.21784309
0.35827872
0.39131868
0.18564746
0.23217879
0.26750517
0.27246827
0.40235806
0.29185504
0.33351251
0.28699085
0.29995626
0.36349231
0.23382141
0.34835222
0.32380289
0.44724357
0.27937055
0.27100334
0.36276472
0.29574755
0.24549514
0.34343868
0.35689837
0.23978420
0.36772230
0.27421069
0.37584335
0.29180709
0.28007331
0.26169163
0.22859348
0.28719854
0.23215127
0.36093634
0.53668225
0.32159731
0.37109652
0.23122221
0.28298146
0.31552386
0.53303719
0.34136498
0.27922434
0.30013818
0.26839772
0.28156316
0.33421710
0.42804980
0.24236697
0.25593752
0.38106385
0.29554358
0.35870034
0.36257213
0.43011612
0.30798268
0.23610714
0.33069599
0.37011442
0.34063873
0.39200407
0.20400220
0.32606119
0.14353186
0.25685382
0.32795006
0.40703642
0.34417331
0.29647470
0.26619631
0.25210041
0.30909902
0.28665712
0.37542504
0.26518741
0.30311859
0.28750288
0.33638093
0.32234156
0.29532957
0.25265735
0.30334669
0.23376878
0.32618690
0.42037159
0.23566109
0.33987868
0.55550140
0.24289316
0.39109004
0.37271005
0.31973356
0.32306379
0.25083685
0.41061223
0.31304571
0.28510934
0.32517320
0.41981861
0.32665461
0.32668722
0.37400699
0.27518070
0.23899886
0.23716712
0.24722183
0.44574660
0.25330904
0.36462927
0.19934277
0.29271930
0.24541092
0.20047110
0.34667471
0.24093410
0.44040060
0.33211982
0.22832169
0.35236031
0.33346063
0.35167903
0.31023389
0.34218130
0.34713882
0.29329941
0.34598330
0.41031933
0.20930779
0.36473349
0.28567287
0.27994782
0.33636582
0.32653576
0.37086925
0.31423664
0.27909970
0.21738020
0.29707679
0.33839390
0.23892987
0.18953797
0.39775243
0.33565646
0.18410593
0.34456283
0.31001794
0.34851134
0.34282720
0.27173322
0.24428286
0.25610387
0.29903388
0.35103339
0.26915145
0.33681744
0.20754123
0.31642219
0.37163991
0.27472156
0.22340623
0.29262662
0.29083723
0.23748036
0.35664594
0.22569364
0.28005320
0.30219781
0.23709059
0.28357762
0.28100091
0.43401903
0.31392252
0.30370507
0.26047322
0.33970022
0.17201596
0.37970746
0.21394740
0.28597254
0.31796956
0.29383153
0.21784680
0.40910482
0.45701018
0.25224006
0.25737184
0.31136340
0.27601612
0.25964344
0.14644791
0.23375306
0.18631983
0.34629327
0.47471738
0.30992103
0.26705873
0.33503610
0.32073927
0.22778496
0.21712339
0.31171376
0.34145302
0.30982813
0.35024849
0.33107835
0.33548129
0.19781069
0.26204658
0.29733336
0.32168716
0.25616583
0.21897528
0.42484057
0.41414532
0.30029494
0.33671167
0.29250410
0.24469042
0.28612268
0.35936046
0.21550044
0.34302986
0.18130335
0.16804320
0.29956552
0.32773703
0.35741362
0.22608356
0.29101336
0.32044911
0.33534274
0.23950729
0.28188777
0.21236515
0.27737689
0.27681446
0.30910787
0.29219258
0.22566661
0.28635395
0.26793066
0.22794896
0.23797932
0.28453299
0.29069239
0.25684616
0.44767857
0.19402768
0.30057532
0.18500897
0.17486134
0.29010355
0.39869946
0.19769636
0.28273684
0.28574067
0.27225980
0.26574939
0.39889210
0.35418969
0.30992505
0.35001507
0.32591599
0.27499080
0.33320218
0.24793527
0.24059406
0.30131948
0.15759242
0.26024380
0.20973453
0.24477151
0.35675764
0.30880263
0.17051819
0.27969661
0.32903588
0.25715300
0.32218724
0.41570991
0.22596923
0.21748231
0.25603396
0.29306719
0.20535329
0.21301296
0.26626694
0.29417428
0.30141771
0.27206603
0.29082766
0.25080842
0.27730346
0.19746354
0.24161065
0.25289387
0.18740748
0.24060136
0.45907664
0.31826204
0.21734874
0.26866189
0.25242180
0.27735820
0.30725375
0.33364236
0.32591879
0.26266733
0.33500022
0.38878056
0.31131783
0.32726169
0.43926445
0.22732562
0.24752888
0.31650114
0.32780218
0.36788136
0.25115612
0.25462338
0.23898052
0.28229257
0.25781000
0.34096539
0.31171894
0.25996542
0.29453602
0.29379532
0.29114041
0.29846257
0.28692871
0.43209016
0.33342865
0.20116848
0.31614685
0.21519139
0.20244989
0.28389543
0.18973482
0.29741472
0.26029602
0.32963338
0.32235536
0.25111297
0.27947026
0.27992719
0.29564145
0.25183725
0.28469300
0.17537059
0.34934157
0.31213114
0.22976117
0.24735644
0.25546455
0.28179741
0.18294856
0.28595793
0.26834518
0.27641693
0.31474760
0.27582729
0.22795784
0.32599828
0.42594415
0.23013596
0.29485828
0.40804762
0.28992459
0.29507148
0.25304082
0.27984649
0.21805942
0.21425611
0.25682610
0.37278178
0.28620106
0.37062439
0.24991202
0.24486935
0.22874561
0.40240926
0.17078783
0.19887057
0.26874298
0.30674601
0.27975273
0.33490494
0.20758225
0.30343226
0.21398112
0.22188331
0.28484362
0.24344675
0.23371300
0.16789177
0.17995651
0.30294743
0.36124474
0.30618942
0.26204506
0.30035827
0.28537661
0.24235001
0.31068251
0.29548264
0.24618453
0.30917999
0.24603145
0.27756706
0.24914178
0.17086934
0.33845231
0.34225827
0.26813576
0.27807862
0.27680224
0.35807437
0.26815164
0.17373818
0.23831578
0.38703066
0.18434766
0.38045704
0.34902900
0.20321706
0.36154300
0.37606528
0.23614782
0.32952163
0.34537089
0.27651748
0.39329046
0.33409068
0.28585553
0.27144098
0.34147066
0.31747913
0.22856471
0.32546660
0.28105456
0.30502591
0.24509780
0.26813066
0.25820267
0.28084034
0.43821084
0.29754868
0.18588865
0.27455726
0.17187652
0.18162179
0.33709121
0.24055323
0.33491790
0.35005391
0.29776365
0.27433860
0.23415303
0.32736167
0.26095968
0.37054643
0.28028697
0.22903000
0.39390028
0.22644001
0.31252748
0.19468263
0.22543234
0.38229263
0.26330027
0.29869509
0.30924019
0.38144183
0.31568310
0.33149642
0.14648649
0.25737751
0.23742203
0.30779919
0.38639611
0.23029150
0.32109809
0.29453194
0.23325166
0.15927085
0.40818018
0.25717092
0.26334313
0.25827870
0.24022058
0.25731426
0.40853465
0.24308424
0.34641629
0.30385539
0.35949564
0.24623927
0.33501810
0.22621214
0.30322579
0.22082631
0.24808428
0.32778239
0.29191226
0.34730545
0.33105594
0.40014622
0.24376263
0.17731602
0.34036085
0.35939923
0.40630931
0.19865632
0.39204904
0.45393714
0.38687488
0.29954299
0.14249359
0.29240954
0.26391375
0.41246638
0.31797707
0.39728710
0.36530465
0.26368985
0.36780977
0.28372049
0.36732477
0.28153503
0.24005719
0.31157321
0.36461240
0.28640515
0.24162543
0.30625436
0.30709955
0.22546951
0.28322414
0.19768159
0.37507382
0.28256881
0.32548440
0.25271931
0.35257345
0.28693253
0.24255614
0.19561322
0.34840798
0.19145606
0.24998568
0.27628726
0.17146483
0.18676528
0.39229199
0.25006992
0.28391224
0.26940137
0.44456443
0.33846235
0.28627041
0.22881000
0.16559875
0.30015415
0.26328179
0.26013777
0.12340479
0.16712114
0.26490545
0.26912838
0.31346202
0.35764855
0.21535005
0.26232505
0.22860152
0.33577311
0.22755703
0.23407775
0.21443433
0.16520600
0.36121801
0.23064646
0.16468346
0.24975449
0.32776472
0.16977209
0.26622579
0.16328132
0.15557751
0.11805696
0.19134754
0.19431199
0.36328036
0.25558513
0.25763392
0.26654655
0.20538697
0.13759491
0.27137524
0.29227838
0.29700035
0.21096168
0.33558863
0.25967580
0.28950262
0.28834650
0.17610438
0.22787997
0.16390976
0.36654827
0.32625091
0.32491636
0.22055945
0.33211705
0.11501265
0.26070893
0.27508926
0.20213345
0.28455913
0.20500714
0.24385920
0.35143831
0.21978204
0.22994862
0.28882694
0.25153199
0.17053956
0.26232222
0.19190475
0.22304434
0.31424692
0.14406866
0.22386692
0.37761304
0.26704586
0.18329057
0.16342725
0.14540368
0.42364711
0.21942420
0.27484024
0.25892732
0.51207471
0.42696959
0.28613824
0.24327235
0.35763663
0.29449210
0.18296464
0.28148973
0.24271627
0.18380889
0.26489002
0.23732230
0.23197441
0.22877894
0.21397880
0.29147714
0.28988475
0.23247993
0.28788683
0.35145617
0.34332776
0.28069770
0.21578211
0.22670770
0.38228559
0.32060963
0.32256043
0.22669072
0.26550359
0.33829084
0.28939623
0.38791889
0.30408305
0.28624085
0.25133404
0.31598687
0.28792587
0.23496446
0.22303784
0.26645204
0.26936337
0.30975455
0.27162540
0.23364019
0.25266305
0.26809168
0.23822525
0.39377859
0.38602665
0.27472773
0.30765426
0.19508535
0.30894521
0.33291179
0.23202685
0.20988181
0.23471089
0.15880372
0.20848773
0.37487471
0.17754851
0.21206808
0.22089636
0.19139895
0.26639685
0.29834461
0.25124100
0.23030329
0.27256507
0.38258114
0.21653549
0.21259800
0.28686827
0.24767393
0.20690531
0.18233816
0.25408933
0.30206487
0.32379922
0.21805090
0.32611716
0.21031266
0.22186723
0.29029417
0.29628485
0.21437065
0.28158426
0.10803239
0.23189496
0.12279770
0.35368997
0.35038078
0.25006941
0.27269602
0.25293946
0.28373873
0.36069214
0.28800118
0.35458201
0.26952872
0.36411077
0.25218678
0.19447564
0.36034843
0.18883979
0.33313632
0.26476783
0.25477567
0.26718211
0.26586941
0.24359998
0.32232010
0.31192663
0.32106769
0.37832671
0.33339179
0.27642262
0.30909866
0.30878872
0.25170761
0.34101781
0.17589954
0.20562851
0.23935801
0.29501361
0.24218911
0.20835721
0.39527118
0.26411691
0.29996911
0.42517903
0.27804238
0.33144426
0.28185117
0.24186784
0.22715797
0.32576376
0.31121776
0.27525458
0.29840094
0.36989114
0.43089965
0.24265416
0.33357257
0.34617609
0.24595098
0.17654018
0.31945962
0.30589899
0.21585442
0.24471052
0.26007748
0.25672755
0.29493630
0.22126718
0.53769642
0.27004462
0.27041617
0.33728057
0.25983179
0.15449485
0.25835398
0.30977494
0.26328480
0.15621147
0.34321350
0.35736841
0.23731986
0.23571394
0.14624980
0.19483143
0.32580984
0.29246071
0.16930561
0.29749534
0.24185996
0.37674099
0.24041609
0.25108030
0.30103093
0.31078619
0.27520514
0.24627787
0.26086733
0.20935518
0.31709588
0.31425765
0.29808855
0.22080757
0.23012292
0.23503348
0.17080860
0.23489463
0.29651117
0.19168253
0.37893134
0.22770360
0.22190174
0.37818575
0.25538683
0.19989435
0.23365267
0.30879289
0.24050680
0.29045650
0.18766695
0.23198874
0.36068085
0.33954880
0.29798642
0.29968297
0.25762910
0.39719608
0.26498070
0.25870603
0.27352822
0.44766092
0.25605303
0.18728483
0.30218267
0.28159484
0.21973345
0.34624648
0.39668572
0.38455570
0.32459533
0.39224985
0.40056103
0.14539051
0.24426529
0.29592878
0.31168747
0.27481937
0.31966883
0.27681839
0.44022697
0.24740839
0.34819454
0.36067712
0.22151965
0.35459557
0.30294764
0.39906660
0.28554878
0.36877239
0.28773761
0.33989266
0.24971071
0.31016555
0.28527135
0.21569291
0.23445901
0.19923317
0.33917764
0.39415193
0.39424184
0.28145307
0.23455037
0.23302406
0.32040361
0.20765667
0.31238177
0.26083767
0.26966009
0.21830493
0.34776789
0.14484905
0.30878723
0.11738208
0.37034112
0.32452470
0.20309082
0.21562403
0.25253707
0.19922888
0.25679949
0.21764946
0.34266269
0.14734125
0.18768132
0.34351301
0.12198806
0.26357448
0.12761137
0.21218993
0.25778061
0.23340705
0.25446588
0.23904736
0.27985400
0.19601962
0.26645046
0.25018096
0.24107212
0.22411484
0.22126862
0.19840065
0.16372137
0.41486031
0.25302237
0.27507943
0.24335732
0.24878170
0.30462360
0.21635062
0.32523751
0.22165677
0.23633216
0.36989498
0.37184444
0.17075939
0.27494997
0.19700804
0.34314531
0.29587364
0.23744354
0.18911207
0.23022979
0.26753119
0.28270400
0.19390011
0.30635878
0.25807646
0.20950317
0.23108533
0.22773902
0.30590266
0.28415459
0.23039781
0.27214006
0.19766539
0.19822972
0.17479527
0.24365658
0.19159564
0.24344555
0.39530876
0.36548430
0.20543253
0.28053910
0.21116228
0.22355168
0.18943298
0.30490842
0.31960911
0.17805877
0.30088139
0.20930901
0.32560879
0.12597696
0.32081133
0.20415175
0.34230512
0.24640447
0.20754327
0.13566247
0.13325548
0.21682054
0.21684960
0.17799813
0.19212943
0.32678026
0.29533860
0.37935084
0.15109637
0.30517888
0.27341899
0.25291094
0.20071292
0.20350346
0.19286118
0.32811064
0.19462386
0.45841435
0.14542934
0.24931428
0.22524470
0.27646855
0.20836478
0.21992862
0.32006711
0.31524161
0.20050298
0.23690715
0.33980054
0.15722400
0.25971341
0.34505722
0.23334762
0.34057042
0.19844601
0.25943285
0.21607277
0.30513752
0.16122997
0.17125559
0.17604405
0.26220065
0.21883127
0.17730966
0.25801766
0.25183329
0.24218799
0.33245575
0.22079705
0.23248681
0.26159927
0.19049747
0.26138097
0.27216256
0.21992657
0.30890620
0.20007387
0.27446005
0.16033059
0.21456188
0.11505917
0.35644174
0.24743859
0.15422019
0.30330276
0.19442701
0.21678396
0.17546681
0.21766821
0.20548955
0.19732141
0.27788568
0.27572945
0.31046903
0.28357717
0.17600934
0.29142904
0.23343906
0.22740172
0.22929791
0.16738833
0.15729241
0.19968340
0.16978334
0.17118299
0.20942864
0.22129506
0.25470737
0.21087895
0.19010869
0.12597322
0.18890998
0.31646049
0.24108317
0.32165369
0.17886204
0.28728622
0.17096919
0.34549487
0.43090335
0.23032981
0.19270791
0.22231278
0.27859020
0.23277333
0.29494706
0.33524948
0.28317040
0.35625410
0.41571850
0.22744125
0.34254074
0.30928892
0.44673258
0.25297534
0.28498539
0.26374981
0.33391285
0.30887604
0.30068925
0.26372391
0.38367748
0.47337985
0.22683714
0.32430488
0.27670157
0.25356045
0.29769343
0.25288340
0.21148005
0.17987685
0.24391899
0.45047575
0.24867260
0.20651248
0.34001654
0.31094944
0.26439530
0.31757611
0.23897588
0.26854625
0.39951503
0.27732146
0.18418761
0.23243703
0.31082898
0.23796903
0.29048136
0.29044250
0.31576037
0.37174988
0.22380176
0.25573903
0.22697382
0.27373958
0.24296723
0.25708678
0.22348186
0.28662020
0.27021137
0.26649928
0.21932186
0.25366804
0.26804930
0.25590193
0.24668208
0.21393979
0.29126385
0.25309503
0.34478027
0.27279913
0.39159656
0.17291605
0.16208506
0.19589362
0.17784718
0.24134460
0.27446830
0.35549283
0.21967632
0.32110438
0.35353678
0.28800118
0.23108232
0.30484778
0.35972247
0.18512386
0.19023466
0.29334283
0.31797057
0.28101468
0.17642456
0.25885585
0.31171092
0.39409250
0.23119746
0.30315012
0.19116050
0.15586860
0.31218556
0.47930300
0.27342892
0.20435224
0.21756022
0.17359695
0.14588685
0.25635540
0.27711672
0.20827553
0.28253925
0.26293600
0.22045936
0.24962941
0.21329331
0.31558713
0.27168357
0.19539912
0.27396140
0.27407891
0.18136379
0.24608208
0.24685916
0.17135870
0.19924192
0.28424582
0.32792711
0.25195980
0.21915255
0.24081632
0.28722969
0.27602130
0.23266879
0.21819001
0.29189563
0.25360009
0.16184735
0.21274351
0.30980730
0.32594928
0.21589851
0.31028479
0.26239160
0.16439049
0.17365521
0.20854346
0.16795516
0.18498899
0.20730144
0.36373484
0.30098200
0.30631006
0.32117993
0.36955568
0.13243093
0.13479351
0.27835158
0.25828314
0.13487995
0.28532708
0.13318169
0.33613229
0.30578351
0.27522579
0.16809197
0.25231072
0.31590825
0.28771615
0.27340522
0.22017224
0.33597377
0.24090725
0.47908238
0.37536007
0.20687258
0.26426259
0.23595566
0.21484068
0.17632160
0.19630884
0.27211204
0.26115012
0.26245996
0.25076613
0.23627466
0.12469121
0.13649501
0.18107703
0.27917051
0.24041978
0.29168883
0.30581993
0.23783135
0.22567236
0.18533540
0.17845918
0.25162876
0.08348735
0.27113765
0.19958651
0.21255335
0.20331563
0.21823096
0.22287607
0.29235810
0.10897322
0.21254718
0.24440360
0.19413869
0.30413264
0.24312213
0.20567645
0.11128314
0.26067653
0.33345598
0.17815147
0.27098012
0.11301406
0.31212083
0.13432369
0.22472139
0.11585096
0.17321886
0.16840421
0.14963268
0.17358041
0.20458123
0.22209081
0.33109909
0.09127986
0.17955247
0.22230116
0.38047403
0.19140226
0.26815495
0.31693667
0.37770793
0.10578363
0.31645504
0.24957010
0.21928325
0.14377575
0.29800659
0.25056651
0.23153199
0.19921413
0.29006547
0.21530047
0.33264256
0.36238548
0.23082684
0.18994819
0.27711260
0.17382291
0.28234768
0.23964782
0.22066206
0.17894340
0.30305704
0.19552106
0.33308327
0.29895285
0.27069059
0.10730293
0.21793169
0.33845842
0.34084964
0.31882304
0.22790590
0.36781785
0.22556560
0.17011362
0.16757411
0.17969041
0.20143153
0.25611436
0.24212390
0.16867052
0.24231473
0.23210447
0.14287028
0.30102652
0.25272787
0.36353987
0.19987258
0.28016108
0.09515975
0.26550549
0.16660994
0.13236909
0.27629566
0.29477274
0.17184812
0.29665267
0.21185794
0.22139658
0.27591410
0.28877127
0.22165884
0.21526340
0.30338198
0.13537239
0.28162697
0.28954414
0.30846837
0.21143350
0.20039412
0.26308367
0.25303388
0.29014954
0.16182905
0.21212943
0.29102865
0.23559065
0.21628821
0.27031451
0.29748759
0.32334158
0.27135658
0.29890290
0.30936402
0.35942727
0.18495922
0.23013619
0.30972329
0.26070568
0.20995423
0.16498069
0.24485633
0.28852344
0.30081421
0.38321441
0.33599794
0.23552190
0.22418717
0.15538672
0.22644955
0.21763366
0.21822178
0.30449310
0.23302785
0.25598872
0.22196361
0.22615977
0.27229542
0.17809343
0.19655143
0.21748939
0.19609988
0.20611200
0.28581291
0.20949915
0.23764350
0.15058525
0.34308851
0.30136397
0.15086359
0.18020231
0.17728406
0.24324560
0.27069306
0.22306354
0.31145465
0.18325758
0.24510226
0.17146385
0.18370271
0.33829254
0.37743580
0.21437514
0.25329620
0.20764554
0.15665375
0.19455309
0.23950128
0.24948241
0.29325324
0.20114180
0.14951730
0.28534037
0.19054382
0.28211159
0.17434385
0.26548329
0.25855613
0.27956343
0.17143741
0.31555611
0.12570971
0.26098192
0.27108836
0.31603235
0.34987587
0.21763588
0.23441511
0.26061565
0.34617791
0.16808258
0.23546067
0.33804056
0.50708890
0.18543838
0.38539967
0.25182366
0.33446598
0.30379492
0.14204900
0.15748115
0.33921590
0.39836690
0.40420151
0.29208693
0.35474017
0.24184400
0.27938014
0.19631675
0.29030287
0.24101147
0.43334284
0.27188784
0.15583256
0.24307308
0.26143140
0.19680877
0.27191013
0.26616824
0.24770975
0.13825454
0.31588441
0.25325584
0.25196320
0.33798665
0.11550252
0.19487113
0.22636250
0.22007146
0.22379336
0.13055491
0.30479169
0.18758893
0.30112740
0.28414279
0.25859481
0.22493215
0.25597680
0.33678985
0.15397884
0.12634689
0.29249030
0.31104481
0.29621208
0.21794011
0.19846746
0.14834365
0.24576989
0.12933406
0.20792022
0.11273014
0.17840518
0.27692240
0.27904382
0.28694993
0.19392157
0.20612836
0.28996956
0.17691946
0.16793174
0.32328296
0.15135379
0.35195452
0.20609091
0.28323889
0.35389340
0.36398238
0.21919674
0.25933963
0.18061897
0.17197523
0.31661934
0.17280258
0.32957566
0.24750063
0.28846008
0.36774671
0.33045366
0.23316818
0.19342537
0.23469114
0.18124023
0.21583901
0.24291968
0.24166246
0.40443209
0.25394240
0.19613041
0.32632387
0.33568853
0.27492163
0.16972530
0.34763074
0.30194926
0.16801551
0.22696780
0.24308784
0.21093524
0.26838636
0.23298040
0.31942803
0.24110119
0.37701270
0.25388545
0.20532219
0.18818475
0.25602132
0.17161873
0.32209212
0.23689538
0.29759759
0.27827832
0.25873357
0.23194841
0.20196968
0.31200403
0.13441621
0.26151997
0.36482912
