2.46948242
5.00269318
3.71033716
3.28151870
3.15715361
2.60332251
2.62245822
2.37234974
2.43158054
2.38032055
2.33233356
2.45344615
2.36389565
2.33712006
2.25712252
2.33279610
2.39525294
2.40185595
2.29459810
2.25692081
2.29808998
2.27299118
2.22529626
2.25840759
2.37453270
2.29848266
2.23504138
2.26779866
2.25483179
2.29338622
2.27917528
2.27876234
2.31689262
2.28741789
2.25388479
2.26824331
2.25315952
2.25937605
2.22146654
2.23285580
2.28486919
2.20429730
2.20827723
2.23888254
2.14022231
2.20971584
2.20798111
2.16786075
2.16914749
2.10338640
2.20180035
2.16774535
2.19891548
2.20850801
2.17855287
2.22032690
2.13316989
2.10228920
2.11462164
2.17823648
2.11237907
2.09292197
2.11534977
2.12051439
2.12470722
2.11884832
2.10327911
2.09645224
2.10078955
2.10878110
2.09735727
2.06552601
2.01674700
2.02179432
2.07568860
2.10144210
2.06670809
2.05465341
1.99135256
2.08685398
2.04920125
2.04397345
2.03391743
2.10972047
2.09944820
2.08468723
2.00920963
2.06980610
1.96179485
1.96970892
1.99683475
2.03610444
2.00956607
2.08827853
2.01960182
2.07917762
2.11348963
2.04115677
1.94542241
2.10661077
2.01881075
1.98267317
2.05569458
2.04846215
1.88657570
1.99434209
1.96708179
2.01362896
2.16449022
1.99634647
1.98891532
2.02604389
2.04564619
1.96837962
2.01431799
2.08694458
2.00902557
1.96010017
2.02847862
1.96439028
1.97497702
2.02795100
1.84336424
1.81644034
1.99357200
1.85075641
2.03506994
1.91845989
1.98733437
2.07486105
2.08571720
1.93847978
2.00586629
1.98803973
2.00900602
1.94484127
1.95946395
2.04527473
1.98810172
1.99335968
2.02639151
2.00201416
1.92680204
2.05445743
1.89480150
1.89495099
2.01966906
1.98323512
2.04939938
2.00476742
1.89093053
1.93320632
1.95463884
2.02200985
1.90834069
1.95274973
1.90752769
1.96770966
1.86946356
1.87941837
1.87367940
1.92924213
2.00956607
1.94081426
1.85296607
1.79295838
1.82146335
1.96012986
1.96144092
1.97305894
1.98972702
1.97062552
1.84352338
1.88126731
1.95718431
1.94496071
1.93216634
1.94034433
1.88810015
1.93824041
1.87803125
1.94330025
1.99731112
1.81919003
1.87045932
1.78720200
1.82318664
2.05708480
1.96920764
1.95802069
2.18934727
1.97732425
2.09573126
2.04219222
1.91919112
1.98335719
2.02172232
1.94734132
1.93758404
1.99169302
1.90621018
1.95302963
1.86630845
1.89939833
1.97323489
1.86543834
1.99078500
1.91999674
1.93037271
1.84160233
1.88518405
1.80531240
1.92875445
1.78458428
1.76456439
1.94208014
1.90705800
1.92361259
1.87440109
2.03692913
1.82243156
1.82608366
1.86371171
1.86203408
1.87075579
1.85932624
1.87496293
1.81989312
1.86161458
2.02630258
1.84671879
1.86253643
1.82553673
1.99622691
1.82046330
1.86956620
1.84127438
1.87888682
1.83496976
2.03212762
1.90458012
1.89460421
1.92033958
1.98512018
1.88344574
1.79388976
1.81597984
1.87305307
1.96372151
1.79986644
1.89385676
1.90097558
2.08598852
1.84292912
1.89365363
1.76969206
1.89784074
1.87681997
1.84886265
1.87252104
1.94294286
1.85988724
1.86142111
1.80675173
1.81665468
1.80002260
1.82423937
1.80567169
1.77584743
1.82169998
1.78517973
1.93328118
1.96158969
1.71308279
1.78397036
1.77668595
1.88714123
1.80669510
1.86553288
1.94587255
1.71707416
1.79728246
1.84651351
1.88507628
1.81908023
1.83996820
1.80608118
1.66518068
1.68759322
1.81165779
1.76115489
1.75568390
1.89554071
1.82990956
1.70736742
1.68286872
1.80340433
1.67796206
1.63622308
1.81352353
1.78859055
1.62068832
1.70565081
1.75610876
1.73695517
1.70019674
1.81870914
1.65898156
1.80929637
1.67761254
1.82324171
1.78513610
1.72947955
1.77525318
1.64609575
1.77597642
1.63238096
1.81485426
1.58511961
1.69282317
1.69873571
1.66909766
1.75336099
1.85519600
1.67532718
1.71522522
1.74953043
1.71978927
1.58668530
1.83537161
1.74704611
1.70476854
1.75120771
1.65849972
1.82514405
1.74036920
1.71485472
1.58270669
1.77047873
1.94460273
1.71044326
1.66227305
1.68664646
1.71690130
1.66175020
1.66101027
1.73040891
1.59245408
1.62108445
1.65449858
1.68719947
1.55000854
1.65880656
1.79553032
1.77686453
1.59403181
1.63529730
1.83652580
1.64060438
1.59129012
1.70857382
1.61907125
1.77071738
1.75538886
1.67234063
1.65055239
1.67622328
1.95295644
1.67343605
1.61517239
1.65993881
1.77613664
1.64339828
1.64763975
1.67385316
1.61405015
1.66654587
1.71395683
1.56878090
1.57515728
1.43249857
1.70295608
1.74180293
1.75498867
1.55159569
1.78106093
1.66154981
1.73032796
1.67622042
1.57343173
1.52956891
1.77328300
1.57165146
1.67825890
1.63590217
1.52634287
1.58729267
1.64398098
1.71000266
1.59860885
1.57337666
1.69044399
1.67713475
1.74347591
1.65278172
1.42420101
1.49124146
1.66336513
1.48838067
1.56622899
1.64532149
1.49185348
1.66937160
1.60801077
1.80982101
1.58689046
1.61834466
1.63742709
1.66450644
1.48757100
1.48660493
1.57542729
1.53537869
1.55043876
1.53851044
1.72351980
1.52219617
1.44642794
1.64522934
1.45654488
1.54556942
1.63734174
1.59380090
1.53087807
1.53954875
1.56865084
1.39805126
1.52058446
1.50322115
1.67743206
1.73886359
1.56473923
1.48087382
1.54481900
1.50972414
1.55989146
1.54288626
1.63849902
1.82058716
1.57811797
1.49643016
1.47120333
1.53151584
1.47824574
1.41814446
1.45745420
1.52105927
1.44685602
1.53243470
1.44886529
1.34766293
1.76483631
1.72906148
1.60290134
1.44900250
1.41892219
1.49177766
1.41348326
1.48258674
1.58676481
1.48254395
1.52620387
1.55264974
1.58316112
1.53543162
1.55794430
1.49812365
1.48874056
1.50580573
1.37602830
1.45665622
1.57260847
1.51730418
1.50439239
1.46210670
1.53656626
1.54039371
1.48388696
1.44454944
1.39016187
1.50412846
1.51943612
1.57091022
1.44726694
1.51348460
1.51727080
1.34715462
1.40660417
1.29979527
1.38724339
1.40539050
1.48670268
1.44184279
1.44047403
1.50672305
1.39263642
1.64834106
1.59930182
1.51063323
1.54048824
1.45145953
1.59948373
1.51854110
1.47070885
1.42022753
1.57116044
1.55471539
1.40330720
1.34886336
1.36075342
1.61528826
1.42804551
1.50661826
1.24301422
1.59208643
1.38514233
1.50601685
1.39901376
1.44422221
1.48243332
1.47751081
1.63291311
1.46915936
1.54258490
1.64269114
1.56500244
1.60125804
1.29296088
1.60456681
1.51885724
1.61949468
1.44218040
1.41271269
1.54229045
1.42203569
1.30319321
1.44552827
1.47128761
1.34702480
1.32345057
1.66577303
1.36730313
1.50673556
1.48815715
1.39374709
1.48511624
1.57992435
1.61585450
1.56551003
1.28403449
1.46682942
1.37490845
1.33746314
1.36137438
1.44578481
1.39766169
1.57905161
1.41727984
1.49812579
1.50436294
1.45110440
1.49937725
1.64336205
1.49753594
1.44803464
1.33368933
1.42151272
1.39097786
1.47101879
1.47927570
1.38235617
1.44787383
1.33495641
1.50268924
1.27872062
1.57607734
1.39257562
1.42650294
1.35943437
1.40685987
1.34866059
1.51026726
1.42812920
1.50845730
1.50165987
1.26921272
1.60011864
1.47706008
1.29770660
1.35082304
1.37218475
1.54081035
1.42119420
1.36810875
1.32603049
1.30364633
1.35827088
1.25501776
1.35160720
1.44809830
1.26322722
1.30768561
1.26207507
1.45741808
1.47978151
1.39863908
1.36196482
1.42879808
1.32262266
1.43756223
1.32429588
1.41651726
1.33754754
1.41104281
1.40291345
1.38872409
1.41733897
1.34072924
1.47812927
1.31662726
1.47665048
1.40706229
1.39133561
1.35088527
1.35596156
1.27641225
1.47786605
1.42088008
1.34194493
1.28933847
1.37668800
1.63167119
1.40011966
1.34307241
1.23723900
1.33503866
1.31316531
1.27551186
1.26706445
1.21583819
1.42099988
1.31037307
1.29419529
1.32541656
1.49625111
1.47032690
1.47247481
1.25230861
1.31702614
1.31637347
1.42830253
1.39923620
1.41488576
1.43954706
1.18254757
1.34259391
1.31133282
1.20912409
1.35296738
1.19558334
1.27416158
1.31668627
1.30170906
1.29429054
1.20030475
1.42716277
1.35316658
1.23735046
1.20690477
1.58989751
1.14459419
1.40442729
1.53098202
1.28484511
1.43183827
1.27997065
1.32703066
1.30725265
1.36738932
1.44562995
1.23322558
1.35461688
1.42240906
1.15331268
1.35304213
1.26417565
1.29309356
1.35803390
1.17036080
1.19385386
1.40774608
1.22483432
1.28522110
1.63508105
1.26895857
1.38863409
1.34925616
1.30767548
1.11031210
1.37041521
1.35400677
1.60702586
1.41431892
1.39477789
1.41649246
1.29040647
1.34464145
1.33528209
1.17279434
1.25605798
1.35291052
1.21939695
1.34173274
1.44237697
1.61479092
1.36540973
1.26861370
1.20194364
1.33705974
1.35569978
1.39057565
1.26267207
1.21953833
1.29610741
1.15621662
1.31791186
1.52702379
1.35024559
1.17871022
1.27944016
1.39131224
1.37645876
1.14668965
1.22312856
1.38827920
1.35933518
1.18531442
1.27967238
1.21539819
1.18525791
1.27070522
1.15790033
1.19213355
1.22101510
1.26569581
1.29040122
1.32919705
1.23185205
1.17909980
1.10712183
1.21328962
1.26283658
1.11669457
1.04531908
1.22044003
1.21140158
1.17880368
1.21383786
1.15031719
1.28143477
1.11497462
1.17478633
1.34717131
1.26302552
1.20852065
1.42794132
1.35035086
1.17077684
1.20472908
1.03980899
1.37890315
1.23645377
1.22263348
1.21445239
1.19255888
1.32589078
1.15394759
1.07348704
1.32772934
1.08757222
1.09752238
1.24208629
1.41323400
1.22696936
1.42686915
1.14854336
1.25043106
1.23050880
1.17812991
1.23141384
1.08149874
1.16518998
1.14581883
1.27423024
1.28619468
1.11465907
1.06906462
1.33885241
1.08418536
1.51345205
1.39862394
1.15739322
1.23647165
1.21802175
1.20731282
1.16965914
1.15960455
1.22230828
1.26621151
1.11237788
1.19113362
1.16515279
1.11954868
1.32375693
1.24223268
1.11407685
1.13229299
1.16674638
1.15275955
1.36374354
1.22789383
1.26713920
1.34265447
1.19119000
1.18778491
1.26041019
1.15766549
1.25906372
1.29011834
1.21455526
1.22049761
1.04269195
1.20402694
1.24522758
1.30036092
1.17543066
1.41282153
0.93976438
1.04926968
1.10393310
1.12694180
1.09221983
1.13498378
1.19098854
1.20574999
1.33155608
1.28507876
1.11055982
1.18250573
1.19754887
1.26708412
1.22365165
0.98908591
0.97258544
1.17341471
1.25765216
1.26978898
1.22784257
1.21748137
1.21915197
1.09528577
1.11833143
1.21412659
1.10996497
1.09291768
1.25978851
1.24547648
1.24545503
0.94988936
1.26955175
1.29299557
1.19722891
1.19052267
1.28846800
1.12333369
1.18035650
1.11270428
1.00788331
1.08686244
1.19067836
1.31219935
1.14920175
1.05295491
1.22914767
1.17342186
1.15379322
1.29754257
1.17087245
0.95601130
1.10012043
1.11745858
1.23519039
1.14188337
1.31208444
1.16631365
1.13983548
1.14025533
1.20602095
1.25504112
1.01584852
1.26980925
1.04058123
1.00654137
1.11826253
1.16607201
1.05410051
1.08778501
1.31564558
1.12838984
1.08926320
1.05983245
1.06372392
1.19319868
1.20087171
1.10929155
1.10634363
1.19760716
1.21836400
1.04409051
1.18964338
1.14354253
1.14232433
1.16289687
0.96400434
1.05568194
0.98306835
1.04749537
1.03235626
1.22756135
1.26242375
1.08147943
1.13714051
1.09050417
1.02404356
1.28992367
1.10832834
1.16998601
1.06023908
1.09094763
0.95536882
1.23540974
1.31533384
1.08227229
1.07985353
1.03205323
1.23848557
1.07149088
1.29484320
1.21437049
1.03007281
1.12058473
1.11291277
1.16216183
1.00838709
1.06689596
1.04121876
1.16297102
1.13533926
1.07645738
0.92158329
1.16196918
1.08053851
1.16359949
1.13860011
1.21017933
1.15530527
1.24466741
0.99991620
1.04649448
1.19345450
1.19746685
1.00715804
1.10443473
1.16115332
1.08884358
1.03845072
1.01581597
1.05276692
0.98664033
1.01320219
1.19102645
1.11451483
1.18651390
1.13048792
1.13157666
1.02857113
1.10949576
0.96936584
1.19938183
1.26989293
1.02196658
1.02930212
1.07414627
1.05089140
0.95552838
0.99298757
1.08384609
0.95083869
1.19484425
1.11665571
1.04398155
0.96028173
1.21364343
0.96257925
1.10188961
1.21591425
1.12475324
0.96195334
1.05920601
1.05926621
1.02393508
1.14592552
1.18867683
1.14162266
1.24267328
0.94557863
0.87160170
1.00529051
1.04767406
1.03939116
1.18362963
0.85073036
1.12969792
1.19591355
0.95908469
1.04489422
1.05061030
0.99549854
0.96732932
0.94665545
1.01845062
1.09234881
1.02047563
1.09569836
0.98653913
1.09212399
1.00151181
1.02002144
0.86092627
1.10093737
1.10892570
1.18531120
0.98899448
1.03149009
0.89021534
1.05982041
0.98915422
1.22502601
0.87233573
1.14917040
1.00385630
0.98889053
1.02792859
1.03466320
0.93539035
0.88959038
0.91250265
1.16627443
0.93871140
1.14424741
0.97306395
0.84658831
0.92964804
0.85100096
1.13299751
0.95733094
1.05610442
1.22377801
0.87872684
1.03485537
1.07558703
1.05909848
1.14998567
0.93820804
0.93161297
1.11582458
0.97676545
1.21024692
1.10117733
1.07512200
0.87071162
0.98152417
0.98222542
1.06921363
1.03733444
1.08595920
1.09006596
1.04263270
0.91695952
1.00416160
1.02659941
0.84740794
1.11758232
1.15231180
1.03235006
0.99592686
0.94998372
1.15453887
1.13402033
1.19032812
1.04517412
1.01400185
1.05706263
1.03996980
0.95740533
0.90576041
0.94706082
1.09508860
1.12839079
1.14091313
1.02193558
1.08321893
1.11186695
1.27969313
1.15506935
0.85449827
1.07618785
1.05164337
0.90095294
0.89814508
0.94305325
1.05495977
0.98182154
1.14811146
0.97864509
0.87818372
0.98244166
0.84366262
0.99220347
0.98446584
0.94309688
1.15655625
1.02810705
1.08902693
1.07213199
1.28752255
0.97194386
0.91690034
0.88087231
0.98336691
1.10316193
0.99955869
1.03557634
0.87386549
0.97229314
0.82719672
0.91128552
1.19986510
1.18144155
1.07611847
0.99633789
0.93204981
0.84465367
0.95162129
1.01662540
0.92891252
1.03112626
1.08472359
0.78279614
0.88957095
1.22681916
1.02537394
0.92432523
0.85207498
0.95544857
0.93493325
1.02203059
1.05602074
0.88348722
0.97890162
0.91280824
1.00271058
0.99536741
0.91993105
0.98906088
0.99540830
1.08587992
0.86190504
0.96401852
0.93614686
1.11721885
0.99355155
0.84333110
1.11704993
1.09332621
0.85189641
0.87692332
0.93546891
0.97045809
1.14607167
1.01532280
0.92121857
1.08742142
1.10807967
1.00705779
1.08296895
1.05782890
0.94883531
0.89430976
0.89143264
1.09358156
1.17791402
0.99180651
0.97607350
0.99313074
0.99050564
1.01890779
0.96776330
0.80732930
0.96134609
1.10072792
0.92972136
1.13869107
0.99122024
1.16065955
1.11305499
1.03831172
1.03700387
0.93967628
0.93375456
0.81029534
1.05646968
0.84106219
1.01740861
0.98667079
0.90043366
0.79068887
0.92009157
0.95531476
1.03198040
1.13911688
1.17724872
0.97533524
0.90478432
0.78669256
1.05399060
0.96622115
0.76757354
0.80113304
1.07821333
1.14097011
1.08305073
1.00864697
0.96278584
1.10593379
0.97014868
1.10266399
0.84610033
0.88375688
0.99479610
1.00108039
1.07367253
1.10670018
1.07868934
0.89246666
0.95153970
1.04216671
0.98777580
1.07956457
1.22071207
0.81622648
0.87999141
0.86980206
1.01981902
1.04379272
1.01508772
0.98713750
0.92133498
1.11765540
0.89419913
1.01802826
0.88704717
1.12272072
0.89226878
0.89379168
0.83500075
0.88510203
0.92699587
1.05171621
1.18411672
0.88271213
0.98764455
0.85486662
0.93911827
0.93037468
0.90794754
0.81693482
0.97486329
1.00637722
0.86402845
0.86688846
0.92252547
1.08722353
0.89300418
0.91865361
0.92641175
0.99064595
0.97541529
1.06425011
0.93834364
0.97114652
1.12967873
1.01258731
0.96998888
0.78748906
1.05674076
1.01728559
0.89025068
0.85982239
0.87258375
1.05584037
0.86371237
0.95012438
0.88747662
0.81090969
1.02995336
0.93732524
1.10238266
0.89946425
0.93563157
1.16323304
0.93993461
1.00165498
0.87565982
0.90398562
1.02303708
0.95223439
0.96786582
0.86207926
1.08253300
1.07855892
1.03400338
0.96531379
0.77933657
0.69120240
0.81758648
0.78971803
0.96124315
0.96081698
0.98830456
0.86413431
0.87826085
0.75795376
0.83829981
0.98756576
0.86985844
0.76488358
0.88814646
0.81799608
1.06400073
0.93054926
0.95570409
1.01209283
1.02656174
0.97771281
0.68700141
0.71750021
1.21137953
0.86183339
0.94420290
0.86211538
0.93075109
0.93026173
0.95140839
0.86328208
0.89204478
0.82543689
0.97834772
0.83313143
0.63920772
0.84329575
0.83935523
0.78600830
1.00921178
0.95959365
0.93956029
1.10422230
0.87975490
0.78329718
0.78639102
0.81257856
0.79127973
0.95999193
0.87555444
0.79240400
0.89050233
0.99027359
0.89118338
1.01099110
0.89400691
1.00197268
0.93887204
0.97722191
0.82328808
0.79016316
0.94980204
0.81872451
1.12320900
0.83307987
0.97172970
0.92455590
0.89433926
1.01560950
0.91270864
0.85311127
0.87353468
0.95143616
0.82901585
0.92864329
0.81952029
0.83942956
0.82357097
0.84806937
0.82459891
0.85574925
0.75914878
1.05270433
0.81295961
0.93763041
0.86707181
0.87623370
0.90564251
1.03392649
0.89797831
0.80826551
0.86272717
0.83203089
1.02824008
0.89420962
0.74597383
1.11683226
1.00047374
0.90246725
0.84875160
0.96858048
0.90013456
0.82026505
0.84989321
0.96030062
0.91820848
0.88708258
0.92847008
0.94192994
0.96710503
0.80535042
0.77010286
0.72590947
1.07322514
0.78716981
1.24480188
0.94101107
0.74782157
1.14402604
0.98811710
0.83847350
0.94216824
0.89019728
0.87983179
0.98151350
0.85775912
0.95118105
0.72692639
0.89270937
0.92751384
0.89249611
0.83516675
0.88493478
0.88177657
1.06223226
0.91824782
0.85995024
1.06906343
0.84276956
0.94861233
0.93390065
0.71867079
0.82106006
0.59943044
0.81258845
1.08450961
0.78251898
0.96330416
0.89238954
0.90853888
0.78403068
0.91149175
1.01917505
0.93550736
0.83714128
0.76584983
0.72870350
0.75051093
0.64242697
0.85306722
0.78901136
0.83312809
0.97559059
0.82045847
0.81461513
0.65217137
0.84206212
0.98332393
0.73327708
0.73310030
0.82795298
1.06761622
0.80283844
0.79635477
0.64412522
0.81743151
0.86977792
0.85610348
0.77372068
0.74841154
0.76262909
0.88520789
0.74475229
0.84512877
0.83500683
0.87393600
0.90764111
0.98225468
0.97486836
0.62400270
0.97285992
0.74407119
0.88034695
0.83941114
0.91137421
0.67247546
0.74498516
0.73196733
0.76320720
0.85086489
0.74618244
0.82301927
0.99947256
1.06701863
0.88603252
0.78682280
0.79624546
0.85057122
0.74313235
0.99013269
0.73072278
0.68879342
0.88484424
1.05019116
0.60798085
0.72088802
0.95897174
0.69151384
0.88437289
0.70427263
0.70530003
0.78913283
0.80503929
0.95231950
0.70559084
0.76617503
0.70601821
0.73059583
0.85032719
0.98456317
0.94842482
0.70539641
0.70599490
0.76366425
0.81267267
0.83918178
0.93685287
0.75978774
1.03394389
0.85319132
0.76261830
0.85637206
0.91007930
0.94700009
0.84174287
0.88600338
0.92114717
0.86788625
0.87963033
0.87995321
0.70241088
0.81716716
0.83592933
0.74875993
0.89746082
0.82018632
0.75699937
0.63907230
0.77610779
0.80819011
0.82259941
0.96228325
0.71268582
0.93487263
0.72329336
0.74974835
0.90883154
0.87946355
0.72153926
0.83955669
0.75174713
0.87618935
0.78908706
0.93728983
0.77261579
0.73342973
0.90394378
0.77126324
0.66923004
0.79106688
0.88076782
0.77356100
0.92238349
0.77562630
0.79726368
0.78563535
0.82088906
0.90417302
1.15649271
0.92994452
0.74972057
0.79097581
0.78317392
0.88291764
0.91180396
0.81003308
0.83452821
0.75095451
0.82987660
0.85252839
0.76338804
0.76839346
0.99016237
0.89033580
0.75324559
0.77227420
0.87432539
0.49289882
0.92594439
0.96391648
0.70449817
0.82109749
0.62054181
0.60638559
0.76485896
0.80426401
0.64166927
0.74331319
0.70758718
0.72574914
0.84275192
0.99952495
0.74870431
0.71579039
0.92414105
0.95611984
0.69705772
0.68039590
0.57875341
0.82852554
0.75162256
0.95371795
0.80060315
0.80803996
0.72795296
0.88617110
0.82986403
0.69485015
0.84527087
0.84805965
0.71818268
0.90050149
0.87445527
0.67246306
0.88394511
0.84739947
0.93698174
0.91102767
0.96783745
0.76498002
0.95429182
0.75753206
0.82882243
0.70361793
0.81875694
0.82948613
1.14412272
0.87260020
1.18098056
0.97397846
0.76237601
0.82492799
0.88963038
0.79267347
0.94254315
0.80533719
0.92039704
0.77112746
0.73417079
0.77817494
0.82801330
0.80280304
0.86145669
0.78233755
0.79980421
0.69192666
1.05187345
0.74172515
0.84509480
0.87234473
0.61535835
0.74235809
0.84243143
0.80425930
0.77792859
0.96280390
0.61478883
0.68466842
0.69656652
0.76788628
0.75651670
0.84186518
0.71425796
0.97092521
0.72710139
0.73143399
0.62912428
0.83163190
0.85412997
0.65308237
0.76978695
0.87449074
0.79106992
0.89871365
0.68463516
0.81652713
0.79705381
0.69984365
0.69602072
0.90743852
0.59824395
0.68547130
0.81146216
0.85270733
0.86764842
1.03642190
0.63492203
0.74531728
0.63869560
0.84719169
0.74421906
0.78218496
0.83473802
1.00108337
0.67925584
0.87987447
0.73584014
0.71249729
0.69665802
0.75246638
0.73054552
0.77251267
0.67756802
0.59223235
0.67005599
0.61063886
0.86578131
0.76486403
0.76152354
0.76072663
0.75284517
0.71584845
0.63940918
0.63732171
0.84975749
0.76579028
0.80829751
0.61516631
0.75076681
0.78960025
0.90308952
0.83622724
0.66608357
0.68512267
0.75834978
0.70905226
0.63594180
0.96209371
0.86529791
0.82649839
0.70701861
0.76352268
0.87049639
0.89540488
0.61024958
0.74510539
0.66230249
0.78456199
0.73282313
0.82005417
0.97292054
0.65863454
0.79278904
0.58167136
0.74761957
0.72736526
0.84701288
0.73037320
0.74202710
0.97851473
0.79452366
0.78802925
0.78556609
0.72386336
0.73766518
0.71033180
0.75293052
0.70640039
0.77096367
0.55992073
0.75342596
0.75403082
0.77297854
0.70237315
0.71187592
0.71583104
0.85257423
0.74748349
0.89471012
0.91098642
0.95881343
0.78359449
0.61965811
0.77742028
0.65178919
0.74509549
0.78298366
0.59280020
0.78972918
0.69197655
0.72725523
0.77661109
0.70162559
0.94184804
0.85144114
0.87746966
0.73471588
0.82807302
0.67573297
0.62420893
0.78691697
0.73257840
0.95230621
0.73996836
0.57150257
0.71189165
0.67844027
0.67265284
0.69183916
0.65709543
0.82002652
0.90599954
0.66207820
0.73073059
0.99306583
0.71204787
0.74228448
0.82713085
0.62195289
0.81163180
0.69494414
0.79598594
0.73983878
0.80530334
0.69806266
0.71724129
0.73289776
0.87237597
0.82617551
0.64297873
0.64999461
0.82231796
0.85881758
0.70993316
0.73303258
0.78463304
0.77603453
0.82041597
0.86288893
0.73068488
0.83506215
0.88166755
0.79126775
0.78924787
0.81224352
0.74470323
0.67834330
0.70548397
0.70024621
0.83771157
0.67762971
0.78333259
0.72050548
0.59503031
0.75732660
0.67237675
0.88663942
0.65077537
0.68194985
0.79628497
0.68871397
0.78610778
0.69009602
0.78212380
0.58079940
0.71865273
0.83496052
0.79107529
1.00195861
0.79457331
0.88746989
0.70074868
0.71496367
0.69295579
0.68308258
0.90002084
0.74470806
0.89581198
0.79350251
0.90115625
0.54521948
0.80153477
0.63332009
0.69042087
0.69269156
0.61233473
0.60245967
0.67589855
0.77673531
0.57580894
0.84466100
0.76574242
0.69368625
0.76010847
0.73928106
0.71592975
0.65095603
0.61449510
0.66788465
0.77191329
0.68392181
0.70060724
0.78442729
0.50711566
0.81790745
0.65791458
0.81649101
0.68172073
0.67507505
0.61112463
0.68625081
0.90184635
0.80486667
0.77612936
0.63085270
0.69265556
0.72158062
0.66146040
0.60669738
0.73675275
0.94806373
0.75583369
0.69917595
0.67570174
0.74638665
0.66588646
0.93852931
0.71534520
0.63187242
0.66135061
0.57348257
0.85462582
0.75257039
0.72684556
0.60621244
0.72469407
0.55943751
0.69398040
0.68400234
0.72250330
0.71569204
0.81883323
0.68823159
0.73844171
0.74211949
0.64550894
0.87154603
0.67381114
0.63514054
0.75082278
0.94256157
0.71344233
0.78635764
0.68772405
0.70458478
0.79283816
0.78351617
0.71583736
0.68297839
0.64879465
0.72996318
0.69763392
0.69312638
0.70710284
0.86985600
0.52687764
0.88022661
0.81655753
0.86947060
0.93556404
0.73580539
0.75475383
0.62213182
0.64189577
0.94237250
0.77809024
0.61399394
0.75284582
0.73448086
0.62278378
0.76448941
0.73885381
0.72949988
0.74742055
0.55716324
0.72447568
0.73191702
0.72267932
0.74075252
0.69426489
0.78660381
0.60358357
0.61753321
0.82957649
0.68209374
0.58442128
0.67370903
0.57031786
0.78354967
0.76556206
0.73715663
0.71023744
0.79322541
0.66054785
0.74194384
0.76369011
0.52471411
0.72760975
0.74001288
0.83262813
0.77465427
0.71708769
0.67751426
0.75723845
0.72660518
0.74086738
0.83337498
0.72809362
0.72050601
0.59663421
0.60459709
0.65763855
0.63647658
0.67209470
0.75984281
0.73213869
0.56188595
0.98025191
0.68470424
0.65343904
0.64759493
0.72570425
0.73188400
0.76524496
0.82412142
0.47185373
0.71304941
0.60157025
0.64256716
0.67818594
0.67583525
0.79406565
0.57364357
0.57433391
0.62605685
0.63753515
0.60702652
0.75611043
0.44672227
0.81167686
0.65216452
0.62044293
0.66612899
0.56539083
0.63400650
0.46299791
0.82976365
0.56300604
0.76952666
0.69661289
0.62879372
0.66279358
0.58613789
0.74295497
0.61567128
0.84369916
0.64918119
0.64513016
0.77121091
0.67000270
0.69154161
0.72542304
0.86800849
0.61128879
0.50720817
0.50913036
0.60213864
0.57663304
0.65559620
0.71986771
0.63508296
0.60168147
0.54043210
0.85942042
0.76751959
0.59059203
0.59142470
0.60675013
0.79426914
0.62006938
0.75661230
0.75845206
0.86043757
0.66115725
0.73241675
0.66708344
0.75005376
0.81456810
0.67869723
0.61402160
0.68961829
0.70804387
0.68824136
0.50436509
0.75048870
0.76243675
0.71972561
0.68961906
0.59724176
0.57625574
0.73638088
0.75380224
0.65501028
0.57335871
0.69471216
0.76820856
0.73337650
0.66094369
0.55339521
0.57032239
0.63109124
0.56188822
0.83103287
0.71615887
0.70276022
0.56970227
0.68715209
0.70854127
0.67787898
0.65297878
0.66746318
0.61538583
0.43524346
0.55431092
0.79003584
0.70069945
0.49747005
0.63855118
0.56892526
0.66884673
0.65956753
0.44143629
0.69355786
0.61940104
0.81778032
0.93158531
0.58165455
0.64401972
0.54895431
0.62972909
0.67796934
0.51887405
0.63697320
0.66089922
0.76719606
0.80677587
0.62830830
0.66224909
0.77173418
0.77178437
0.69952571
0.61265486
0.79886174
0.65603447
0.74671024
0.85035884
0.56135482
0.62422800
0.78135133
0.71255791
0.58671921
0.71309078
0.64986926
0.68908405
0.56872451
0.64944059
0.69162726
0.65105879
0.88400394
0.58062536
0.53982723
0.78582585
0.79618502
0.61239749
0.77166414
0.54187638
0.83819020
0.62162769
0.68722785
0.70703506
0.47990948
0.57819390
0.52932543
0.59651488
0.55097055
0.61720419
0.64435041
0.69229817
0.70182848
0.74153417
0.54322898
0.51874697
0.67556852
0.60028708
0.56751120
0.60172433
0.60058677
0.67612827
0.83593589
0.85672671
0.59165180
0.64957333
0.47603327
0.63032424
0.76670825
0.57448018
0.65267718
0.54708642
0.60226238
0.66853464
0.53006095
0.60828090
0.82480085
0.72129214
0.66603458
0.70154554
0.70110202
0.66661608
0.82475352
0.79377085
0.89419842
0.74875808
0.75042087
0.62642348
0.73738444
0.73955017
0.71386784
0.80821192
0.70443583
0.80692756
0.63307393
0.72942507
0.74709290
0.71757793
0.73785990
0.66318870
0.59391654
0.64799953
0.66538799
0.62005031
0.87073684
0.80464453
0.70986521
0.63788813
0.69301552
0.61599553
0.66117728
0.73142362
0.76172537
0.64586616
0.69079554
0.49145496
0.79234517
0.61483526
0.78642887
0.75119120
0.60920238
0.65752113
0.66881931
0.60286802
0.58816147
0.74898660
0.64571595
0.84525478
0.53961211
0.54159868
0.72265011
0.53492665
0.68960410
0.55751318
0.52544028
0.62700975
0.72570324
0.79502237
0.59378785
0.52464730
0.90558648
0.80424631
0.75073087
0.64475870
0.63932294
0.71372318
0.66770899
0.73767275
0.54218960
0.66526544
0.74029064
0.66261727
0.79427242
0.56441534
0.72496819
0.61501354
0.58960879
0.68869185
0.64446926
0.57749331
0.66599733
0.59993351
0.61636925
0.45564744
0.74060452
0.58719414
0.60043186
0.75036871
0.64030874
0.51715720
0.71720505
0.67891109
0.55335093
0.67175233
0.55996376
0.49607944
0.72064805
0.65937567
0.62376875
0.56270850
0.83302712
0.52547896
0.56742394
0.71494281
0.75863320
0.65903527
0.50095683
0.64288890
0.62816381
0.65070283
0.68957114
0.59301180
0.68208379
0.52362847
0.83959019
0.68776548
0.73354858
0.63534045
0.60264301
0.59701514
0.56258404
0.66143364
0.86180115
0.46708614
0.52035278
0.63432503
0.51224381
0.70051497
0.59268081
0.53823638
0.71567488
0.70111090
0.74453449
0.78670597
0.63746059
0.54286313
0.63423872
0.62807357
0.63712180
0.59906530
0.63937527
0.68331110
0.54035765
0.54715979
0.60013068
0.72138822
0.53609896
0.54255241
0.68659884
0.54491639
0.58050615
0.61280286
0.65667075
0.69609189
0.61249572
0.71599740
0.72115952
0.62013239
0.59799218
0.58086360
0.68404001
0.74835324
0.67787623
0.75040865
0.53703046
0.73460484
0.57145810
0.58888328
0.50144923
0.81228745
0.57002008
0.46700269
0.59723949
0.47472063
0.48585731
0.49118674
0.49894214
0.69605982
0.48627645
0.67661047
0.55838853
0.62926412
0.62991655
0.59345222
0.62633908
0.47920546
0.50538892
0.60827613
0.65374416
0.65235937
0.47014877
0.61777210
0.77808756
0.54750603
0.62152791
0.56254655
0.69739819
0.68393207
0.63749546
0.65500867
0.56756574
0.48847592
0.61374998
0.60692406
0.51414025
0.77512002
0.71244609
0.81604040
0.63540512
0.66242170
0.74084383
0.63959587
0.58513212
0.60380709
0.66510677
0.57757127
0.73669624
0.60684484
0.56156826
0.74586725
0.61891830
0.40173531
0.55957389
0.65829015
0.57276434
0.52898610
0.74981499
0.63701248
0.70768273
0.49252042
0.78325903
0.60088384
0.65053457
0.74177331
0.70885086
0.56042075
0.51735198
0.79333693
0.53869128
0.64951146
0.64986956
0.55997097
0.53583229
0.62538433
0.44191721
0.63325179
0.57580394
0.65128589
0.62450564
0.49794698
0.67695403
0.75555086
0.53598738
0.65828788
0.52212048
0.50177145
0.64185154
0.54974717
0.54269928
0.51816672
0.60215783
0.52159071
0.55230367
0.72735733
0.68022418
0.64009386
0.64827007
0.54264212
0.61548233
0.45268863
0.60325581
0.69355768
0.71559680
0.43089199
0.54332209
0.50354683
0.49186260
0.61231744
0.54981512
0.67663717
0.65704924
0.64099026
0.43528289
0.57807964
0.54660195
0.57378042
0.67422068
0.62501013
0.50581360
0.77929556
0.51100731
0.84403539
0.63299966
0.36282182
0.56366509
0.65409547
0.65250510
0.51955271
0.69035316
0.58230877
0.62106395
0.62053561
0.43903014
0.64934778
0.54811394
0.74498028
0.51270354
0.45441875
0.63140017
0.57725984
0.52676666
0.66539979
0.69321221
0.46888614
0.54574203
0.66148889
0.52987462
0.40466011
0.66108525
0.60795236
0.65635747
0.58454764
0.54420727
0.77033085
0.70687842
0.70321649
0.59182799
0.61680508
0.54779828
0.80065531
0.46461654
0.65280288
0.62516916
0.68469685
0.50125074
0.70319223
0.53242391
0.63804698
0.63829350
0.87249434
0.51427364
0.53660572
0.47029108
0.60824573
0.69639486
0.52248436
0.47471192
0.55219072
0.58236933
0.52508926
0.71314454
0.51102448
0.59381992
0.58586931
0.66481662
0.57770139
0.64853281
0.64334667
0.65811813
0.57087439
0.55341995
0.66263998
0.61670673
0.73505932
0.42942882
0.48730591
0.57756019
0.66643047
0.57879287
0.57802391
0.66268963
0.60296488
0.58537364
0.55226409
0.63815743
0.71813297
0.76683271
0.62199235
0.60268646
0.55160612
0.59594816
0.66647243
0.52475953
0.64464211
0.66383088
0.60744053
0.59939772
0.73201394
0.53613484
0.62931538
0.65202594
0.60954392
0.51464391
0.61080235
0.39200926
0.52391374
0.59605956
0.62458313
0.51782119
0.52691984
0.64828235
0.52447528
0.46911418
0.51400083
0.66389489
0.51847446
0.63038731
0.58508480
0.59467697
0.59973717
0.42873442
0.65586853
0.52612042
0.58912659
0.66902971
0.50895917
0.57124114
0.60136193
0.57133174
0.43521118
0.47040308
0.54607654
0.51454246
0.43989938
0.58538967
0.40018177
0.57939124
0.69397306
0.59296429
0.65618050
0.57888675
0.64707792
0.44605014
0.55788362
0.53377903
0.60341775
0.73274732
0.59469843
0.67305100
0.61541510
0.54961669
0.65931404
0.55964172
0.52956104
0.58345014
0.74099332
0.52217239
0.76613104
0.47340193
0.64377874
0.59959900
0.69568771
0.52089077
0.70939451
0.76222944
0.59480691
0.57556194
0.57846200
0.65391701
0.72919410
0.67535341
0.61857951
0.56700331
0.69797504
0.61157513
0.40455142
0.50734735
0.45690209
0.48953366
0.50577623
0.71784979
0.68833721
0.59971440
0.72020340
0.56764984
0.56084728
0.69701552
0.49377674
0.73029709
0.53634465
0.60429072
0.65996438
0.58570248
0.62179220
0.61368710
0.77418238
0.50277925
0.46913096
0.47376055
0.50540721
0.60565674
0.71288258
0.41170105
0.47936881
0.67052567
0.38846967
0.84991324
0.53668815
0.64553547
0.74120224
0.45547354
0.64138949
0.58471251
0.58392930
0.56906933
0.66446549
0.68938076
0.68077695
0.72196478
0.54164571
0.46959180
0.68512756
0.56127179
0.64173639
0.60689098
0.59113455
0.50178766
0.58688092
0.74169266
0.53387165
0.81618625
0.63976681
0.41294146
0.65709472
0.74323916
0.62371993
0.62552917
0.81033874
0.49499199
0.60210514
0.57886273
0.43889025
0.56828499
0.41544342
0.57372117
0.68267727
0.60761666
0.55826986
0.57334030
0.46975619
0.57909119
0.55504513
0.58590007
0.57506627
0.55955178
0.41289523
0.55390841
0.59652996
0.64786422
0.54191148
0.59044075
0.55992526
0.51066375
0.48495251
0.66777736
0.55929041
0.51351672
0.48730025
0.46127403
0.59238392
0.62983847
0.40680534
0.66760916
0.67910111
0.62177217
0.40331858
0.42359656
0.53742111
0.50656217
0.52641261
0.50210804
0.52127701
0.67818910
0.45878205
0.57935441
0.57670844
0.79678792
0.61409187
0.55075496
0.53041744
0.53830647
0.45557794
0.59724677
0.51816940
0.54661566
0.49153239
0.48283914
0.59499002
0.59026217
0.57524049
0.39078707
0.55991870
0.53439528
0.59218752
0.49650171
0.87136924
0.45330298
0.59666520
0.68719250
0.51393586
0.58630174
0.63112867
0.84523010
0.53950304
0.46115863
0.48163605
0.46642461
0.39874926
0.65326166
0.58586538
0.51272225
0.71956438
0.59206641
0.48723316
0.58379126
0.58951020
0.48023060
0.49608451
0.41554856
0.61473310
0.43240851
0.43361908
0.76160836
0.53284568
0.63882923
0.40835187
0.54426372
0.54443216
0.52941728
0.70247519
0.59019387
0.48121229
0.55438036
0.48450172
0.39513797
0.51538646
0.52034664
0.52992272
0.60014653
0.51808894
0.42740178
0.51260364
0.64131999
0.42779517
0.51173860
0.49634200
0.54785591
0.55991364
0.65102029
0.49250993
0.53604198
0.39827967
0.58932340
0.49071035
0.60312462
0.66880947
0.50532907
0.49694031
0.50469464
0.43038550
0.56015253
0.64425588
0.59565902
0.46471781
0.58678776
0.42798209
0.49012834
0.53737563
0.58924037
0.68118680
0.66751909
0.57116938
0.59153295
0.56105703
0.55525571
0.53805143
0.59274024
0.69968402
0.56281108
0.51968527
0.72708070
0.59821272
0.64395940
0.47744837
0.64602995
0.53424692
0.67477286
0.44700283
0.51152134
0.82859385
0.57451546
0.45611119
0.60437858
0.54567611
0.62202251
0.61722440
0.60943961
0.63875431
0.51072073
0.49429190
0.68250084
0.45947349
0.58999062
0.54008853
0.59717661
0.61589247
0.67754120
0.44319564
0.45883170
0.57463211
0.65636343
0.57312566
0.47087955
0.50561398
0.51494932
0.54430759
0.76829582
0.71554464
0.73707765
0.59491837
0.61941928
0.57178253
0.36719823
0.60793757
0.49182692
0.47947839
0.53318024
0.58446169
0.51710778
0.60978842
0.50730479
0.45602277
0.59675694
0.56137794
0.54738814
0.55374873
0.75149691
0.36347747
0.80207348
0.45484298
0.53999650
0.54697680
0.45386836
0.51134646
0.52146804
0.45039085
0.60858858
0.62983251
0.60943592
0.65463310
0.68904316
0.53119230
0.52508199
0.44861072
0.46304208
0.32941219
0.54943603
0.55410063
0.55113053
0.36692852
0.70077419
0.36399838
0.47151887
0.49522483
0.69394100
0.53662539
0.57898611
0.44399214
0.45885646
0.56246370
0.42173263
0.48970473
0.64203703
0.84078676
0.57038915
0.51250899
0.68708694
0.53438520
0.58147210
0.54457915
0.46759602
0.59651810
0.58840430
0.53620505
0.43616259
0.46522579
0.52083057
0.38787854
0.47170883
0.57662344
0.48874134
0.56454068
0.43100971
0.51441896
0.48503760
0.56328553
0.61489666
0.38508922
0.42792913
0.56914210
0.64563745
0.60155159
0.59053105
0.72818577
0.57336044
0.89406371
0.42477453
0.60615200
0.40010214
0.46769273
0.41866997
0.52745920
0.58704501
0.58795440
0.55772471
0.59496880
0.56221187
0.55883598
0.58029073
0.68416882
0.68933874
0.62801820
0.65484667
0.59028924
0.46933991
0.45534274
0.50158989
0.59807807
0.49185896
0.54296112
0.63154405
0.53969014
0.72260392
0.47821844
0.49544060
0.44325596
0.39216721
0.63107210
0.64044285
0.49294740
0.63676119
0.61090648
0.40129626
0.43646234
0.38066027
0.41396323
0.43296546
0.52379906
0.73602134
0.58765912
0.50014836
0.42604798
0.50021666
0.46649790
0.51730794
0.43175250
0.52461874
0.71409070
0.47788572
0.48613459
0.70660675
0.64143783
0.50844830
0.47866994
0.41204852
0.47413313
0.48845717
0.56758940
0.70661259
0.62923640
0.56198263
0.42263472
0.54662073
0.58477533
0.58572149
0.51880747
0.47922885
0.37349945
0.50701195
0.61986530
0.41692474
0.61192477
0.47781345
0.53664249
0.59822929
0.63903111
0.45725286
0.52720636
0.50494236
0.58066714
0.39797968
0.74749213
0.57053775
0.56290841
0.63883525
0.65722179
0.60694641
0.43915796
0.48839673
0.57997215
0.47818947
0.44203040
0.55600095
0.40724397
0.52949888
0.60947216
0.43205085
0.49405158
0.48347744
0.57224303
0.52876711
0.51292670
0.57001418
0.47069496
0.54735118
0.49204978
0.40334558
0.48326260
0.43913513
0.61203623
0.40315259
0.56302655
0.49061534
0.51817709
0.41317940
0.48387033
0.46270886
0.59879196
0.47444326
0.44303396
0.46352196
0.43384755
0.50992048
0.59162557
0.52309299
0.59383458
0.43677282
0.38201499
0.64190948
0.63575482
0.52855849
0.36552435
0.42592108
0.50249803
0.42888725
0.58674437
0.61748838
0.45743862
0.47142282
0.45466289
0.45313171
0.53277874
0.46365023
0.55231559
0.46079871
0.48073375
0.43273723
0.72083014
0.47148287
0.54976970
0.54352427
0.49293676
0.73051155
0.48807919
0.53251445
0.59369224
0.47570658
0.38334316
0.47735390
0.62993467
0.43133381
0.53641021
0.38243216
0.57959825
0.46538019
0.42973739
0.57159579
0.52086365
0.65165031
0.38414216
0.51239848
0.45755455
0.56497121
0.37655187
0.35666767
0.41829497
0.57627392
0.64553756
0.50463200
0.50465125
0.45732003
0.35779896
0.58325005
0.41031885
0.67508531
0.46126431
0.61466211
0.43079045
0.45730257
0.51178539
0.39726782
0.43863779
0.44140831
0.51433921
0.55722415
0.39976588
0.40892053
0.62294900
0.55414277
0.55391562
0.51411223
0.52729607
0.47900406
0.71554327
0.49117568
0.47470248
0.40260619
0.49088845
0.33743298
0.46115112
0.49185464
0.52707863
0.45589808
0.63642299
0.50432241
0.44394219
0.53806120
0.52561128
0.37915322
0.50415635
0.46791238
0.63386631
0.48769170
0.61211473
0.70730567
0.50070369
0.56447625
0.46105659
0.49448434
0.53309190
0.44699112
0.46522978
0.46666849
0.56659609
0.47671282
0.59532058
0.53375185
0.50221729
0.50394368
0.49404848
0.56935322
0.43169641
0.54162061
0.41966909
0.37010849
0.55353534
0.45144546
0.33682510
0.48397937
0.52664113
0.54495627
0.46584579
0.42477804
0.49601245
0.56794643
0.41381612
0.57261086
0.41561338
0.53808045
0.42459545
0.53231347
0.49571139
0.53316402
0.49298227
0.59690356
0.39619842
0.60665166
0.58336681
0.49530476
0.48739958
0.51927394
0.46250421
0.46288332
0.57776767
0.68775046
0.41816807
0.43506584
0.50582492
0.37031603
0.46281648
0.54762816
0.50541180
0.38759720
0.51250172
0.65260959
0.57013750
0.44773424
0.52326262
0.36904702
0.57773113
0.41009155
0.53644198
0.50179297
0.41540578
0.48122269
0.46579373
0.52614689
0.40720186
0.44229442
0.60768235
0.52349377
0.55732775
0.50975978
0.56091034
0.43600497
0.44840407
0.41705933
0.51007283
0.42702967
0.51432538
0.45584524
0.53146684
0.48124310
0.45143679
0.39899153
0.54946709
0.47942996
0.67037064
0.54527473
0.50499278
0.43449742
0.56692821
0.33122665
0.47507009
0.39011475
0.53450555
0.55893755
0.67218924
0.34533435
0.40800354
0.49124271
0.49200091
0.31546947
0.57027566
0.45110744
0.58357036
0.47387198
0.67586815
0.47504771
0.64812881
0.44688874
0.46496418
0.45054150
0.58705753
0.45890534
0.48560685
0.46246451
0.56320524
0.45522517
0.53554207
0.46371090
0.41135824
0.49421346
0.55694425
0.52735215
0.38993832
0.56295586
0.41255563
0.47864699
0.47728604
0.46861625
0.40437764
0.50796533
0.43186554
0.63028216
0.60341930
0.60736507
0.61490375
0.54662704
0.50662851
0.49740556
0.56331384
0.45034486
0.52637929
0.65297532
0.50198376
0.60242522
0.42036927
0.51977026
0.68215489
0.62389189
0.46458966
0.48286560
0.56608438
0.76641214
0.51576561
0.35462296
0.43030459
0.57612848
0.33383071
0.61629069
0.57912779
0.50152677
0.65586591
0.53138351
0.56217748
0.39949629
0.73695230
0.53261971
0.69595903
0.66417348
0.62605184
0.66938877
0.59798682
0.55795932
0.52181202
0.46052545
0.44524869
0.38054648
0.45988744
0.46436846
0.51371026
0.60649025
0.52044249
0.65003049
0.65921855
0.48480022
0.64573991
0.66001731
0.52555710
0.40692666
0.49662539
0.48540455
0.44192183
0.45194751
0.44355348
0.43842441
0.37341449
0.50428361
0.42426172
0.42419988
0.48487195
0.53143734
0.41786042
0.51687169
0.50868398
0.34155214
0.59865522
0.47471860
0.42352396
0.37476653
0.49206653
0.43252194
0.37895194
0.47352475
0.58588433
0.53660190
0.48847717
0.48583812
0.54078227
0.49310273
0.48796383
0.42917204
0.41812187
0.43222088
0.41188738
0.49264294
0.40819439
0.63802606
0.56952041
0.47043297
0.54927796
0.49760038
0.30436313
0.49914646
0.38786143
0.52493191
0.42792249
0.41970664
0.34551498
0.47650447
0.31577361
0.47153872
0.47320262
0.45967317
0.53544128
0.38202369
0.47488597
0.47597399
0.45541090
0.35168388
0.55159724
0.60006130
0.45055684
0.57669574
0.65866423
0.43842280
0.66464579
0.34806949
0.52021456
0.42777613
0.48924518
0.48601073
0.45866817
0.60184163
0.43019602
0.49062639
0.41187233
0.48977369
0.39593151
0.46952915
0.57770461
0.31729203
0.46051472
0.34126580
0.52401143
0.49896926
0.42194766
0.30762082
0.44287592
0.49871519
0.35789543
0.42512059
0.54336089
0.42878547
0.52633554
0.58808839
0.63582635
0.30153066
0.52518833
0.48191237
0.46403748
0.58724272
0.42477399
0.43601918
0.71651989
0.42307830
0.41226053
0.41868079
0.53823614
0.37549040
0.54766881
0.49584904
0.55503303
0.46993577
0.44568408
0.42346787
0.52710581
0.55607557
0.50068200
0.31655130
0.42843860
0.47083497
0.44976375
0.34721529
0.50557256
0.49014467
0.52067053
0.53275347
0.52161050
0.48237598
0.48865083
0.46243051
0.47829330
0.41178250
0.47817183
0.53915548
0.50078118
0.49107474
0.48471570
0.61599678
0.40249872
0.32393831
0.64714134
0.53570938
0.35601997
0.48855507
0.40765011
0.46219414
0.41772041
0.44279158
0.35951087
0.32496509
0.63967228
0.62021577
0.38289583
0.45386291
0.48394075
0.54001820
0.45970899
0.64278984
0.65204912
0.51280391
0.54613990
0.40580589
0.48748758
0.59105331
0.40421921
0.55019826
0.33647645
0.43746006
0.42625490
0.36071789
0.47318524
0.49764130
0.40751964
0.67168128
0.45040607
0.44363135
0.50521076
0.32181948
0.32547224
0.45891660
0.52362520
0.49589959
0.50623941
0.37825757
0.42588404
0.35209417
0.57916999
0.44477636
0.68133652
0.43421930
0.49631196
0.45470038
0.40517014
0.53770572
0.44777071
0.51538503
0.41987896
0.44050726
0.41642725
0.34758225
0.39088422
0.58056855
0.57366353
0.53339338
0.38659316
0.57004833
0.43397644
0.60029089
0.49142572
0.35204339
0.61440313
0.50647503
0.47866559
0.31283030
0.50779665
0.46400213
0.53368914
0.42703831
0.69523931
0.68041712
0.30251071
0.52728426
0.34628120
0.63035953
0.51790571
0.64058626
0.41606116
0.45282859
0.48482829
0.50394058
0.39676228
0.43744472
0.50807220
0.61597729
0.47896928
0.59555548
0.36057040
0.47106630
0.49804473
0.33571094
0.36414623
0.36525100
0.42201948
0.43500674
0.38189450
0.39929098
0.56954014
0.60237634
0.41395915
0.52843535
0.47652885
0.43915093
0.55010450
0.45212841
0.39894199
0.39515141
0.39879066
0.41410279
0.41672510
0.43282402
0.39378732
0.46809146
0.63347006
0.46914902
0.65564752
0.44945019
0.50629342
0.49214268
0.45039803
0.36578608
0.56827980
0.33382866
0.55831516
0.56194729
0.63156426
0.36435404
0.51728690
0.41471794
0.43492663
0.42709118
0.54703563
0.48988664
0.56629449
0.48380595
0.37357479
0.40331426
0.42392775
0.63489580
0.41823786
0.43218237
0.54705745
0.48910224
0.59455824
0.61094487
0.35735422
0.48335549
0.38968867
0.38710555
0.48456213
0.46841654
0.27925757
0.37433070
0.56531107
0.44975191
0.40094912
0.41061062
0.46159428
0.46669793
0.52272844
0.57695055
0.36833370
0.37428790
0.46497852
0.41482896
0.24005808
0.41687191
0.39609477
0.58859593
0.40934819
0.40732962
0.55773675
0.32236511
0.71093112
0.48956946
0.43814045
0.42899755
0.41342491
0.61443239
0.40154588
0.40704307
0.44212839
0.53820848
0.49040395
0.66089422
0.51890659
0.51160467
0.46991849
0.38989377
0.46701857
0.49731764
0.53259993
0.39669156
0.53281170
0.42447156
0.46761793
0.47359738
0.65422130
0.53102624
0.44965279
0.39380276
0.43174008
0.57793278
0.44490477
0.43512267
0.30338377
0.50607550
0.32337010
0.50319552
0.43176419
0.46211994
0.45137778
0.40807885
0.35140198
0.42030466
0.43550816
0.50476670
0.35426891
0.54836345
0.31679317
0.44888344
0.39742893
0.59873581
0.47955704
0.29261908
0.41686964
0.28319234
0.43654394
0.29851723
0.36314189
0.56097823
0.30811793
0.44922930
0.46375817
0.46588802
0.31989267
0.50276339
0.60184067
0.27109697
0.34636998
0.46582448
0.33145842
0.49144822
0.24733315
0.36675090
0.55113900
0.30849630
0.48731795
0.42324939
0.26579121
0.38216066
0.33493584
0.29251695
0.46987164
0.46270925
0.48235649
0.39608407
0.48114195
0.55616117
0.34576970
0.45184827
0.47438365
0.36148441
0.47065747
0.51928985
0.38062441
0.52040219
0.71460140
0.64466333
0.47303206
0.44409296
0.43022242
0.44463748
0.49631649
0.35509384
0.54384029
0.37626502
0.39915508
0.49791190
0.57335514
0.43500149
0.40720275
0.42441440
0.33756572
0.38307405
0.44274709
0.42702973
0.50314206
0.30980095
0.47353846
0.32681924
0.51081038
0.51063401
0.40054482
0.42476115
0.40981734
0.29340541
0.45134521
0.35953179
0.44576043
0.36487311
0.40248829
0.35483044
0.45843726
0.45945579
0.58354026
0.29966223
0.44788057
0.42411017
0.53381485
0.51463157
0.50958866
0.40352941
0.51886326
0.51846433
0.36155480
0.44966936
0.29731151
0.43378764
0.45678625
0.44674700
0.35918283
0.46052545
0.39042020
0.35167122
0.36393577
0.36018991
0.47642761
0.37366891
0.59664065
0.54875183
0.45497042
0.55136669
0.36920536
0.40118092
0.48672095
0.44871420
0.52599972
0.38554332
0.52443588
0.47092575
0.40731400
0.34653991
0.52661014
0.45411599
0.53057790
0.42947125
0.40657231
0.38116243
0.59474456
0.46176636
0.35325986
0.36026299
0.42014033
0.46025634
0.68146932
0.44762003
0.34916231
0.53734744
0.50365233
0.37489000
0.47554678
0.28869224
0.47065476
0.36747891
0.37256628
0.32000911
0.43860841
0.46188948
0.50359893
0.47880813
0.48985422
0.45476067
0.47312737
0.40885136
0.45805329
0.60353690
0.45961916
0.31369090
0.48992637
0.51396555
0.35285443
0.44469965
0.30186516
0.42485893
0.37896404
0.39124680
0.56574434
0.36807775
0.33332390
0.37660065
0.44911993
0.52593791
0.32975128
0.40340427
0.50483370
0.31567639
0.37095624
0.43079847
0.29144979
0.36828595
0.31242603
0.53476137
0.44461766
0.44278848
0.45791084
0.56325293
0.51342869
0.45586461
0.38770646
0.35451144
0.43131676
0.36535034
0.40119326
0.39129174
0.49236912
0.44396532
0.42429605
0.57166505
0.43105191
0.40503907
0.35751036
0.34400856
0.47708964
0.39928454
0.37875879
0.51865315
0.73650193
0.32832378
0.47881195
0.28167427
0.38580722
0.48257005
0.38808215
0.49480596
0.47287840
0.35182050
0.42290714
0.49948341
0.39293402
0.45202231
0.48755783
0.40905574
0.70040196
0.54160500
0.43533486
0.42029238
0.33495760
0.25830406
0.34043330
0.50806081
0.60482079
0.27810585
0.50103474
0.57573891
0.39189482
0.49676639
0.35044646
0.41732734
0.53212166
0.39786822
0.46194053
0.38904709
0.36500233
0.35449970
0.44601664
0.53617632
0.36558422
0.38966635
0.71091092
0.52951026
0.38177976
0.42786384
0.46753588
0.42596987
0.51331973
0.39990634
0.48013210
0.34406343
0.57298505
0.46698761
0.48251528
0.48915988
0.37130177
0.37255090
0.47461432
0.38530898
0.34697679
0.44317523
0.44391015
0.54640889
0.49427158
0.42866677
0.31257540
0.39696711
0.47418961
0.38641861
0.41938895
0.41327256
0.49360341
0.30644912
0.40448949
0.41681474
0.40568092
0.52904046
0.35249251
0.44589448
0.56277353
0.28277212
0.32016820
0.46885502
0.42703626
0.32681075
0.41437465
0.64690214
0.54528570
0.31661421
0.39164829
0.49490497
0.48264766
0.42131943
0.36935040
0.43076402
0.53063744
0.60375637
0.55995321
0.41045314
0.32750458
0.43368292
0.37541249
0.43719190
0.41213286
0.44160336
0.45276734
0.34608918
0.46262807
0.29395288
0.39796469
0.53307384
0.38900691
0.45289955
0.45228040
0.49059325
0.56696433
0.41690442
0.24203926
0.56011271
0.38393369
0.44073924
0.33677569
0.35948193
0.57423496
0.47572720
0.46534845
0.32296962
0.48647442
0.41339564
0.51959985
0.51032519
0.37598944
0.45259336
0.41302595
0.34341931
0.47507328
0.36175156
0.46906629
0.44290972
0.33647403
0.48301086
0.38484097
0.51834977
0.29008639
0.34841579
0.36356449
0.57384515
0.36564767
0.44768351
0.43756849
0.36722952
0.25102437
0.33254600
0.38732803
0.29489142
0.35092843
0.28222841
0.42447603
0.26532623
0.45943728
0.32423750
0.36860818
0.37685376
0.44271633
0.34005272
0.34035313
0.48168790
0.40181151
0.40451133
0.44411880
0.50501788
0.30278271
0.41616717
0.57376122
0.41062701
0.48109367
0.47815669
0.35951081
0.50871205
0.51908833
0.47291726
0.45322311
0.42070022
0.49685434
0.39074707
0.47698188
0.41268891
0.52900994
0.37659210
0.39937165
0.35781598
0.35688508
0.37407279
0.35812950
0.37907851
0.50655442
0.35668603
0.42775440
0.41981483
0.44585922
0.41286677
0.41527039
0.25637662
0.49200004
0.35540003
0.41522115
0.35678923
0.53502369
0.41058883
0.32213521
0.51305300
0.49451530
0.44175321
0.37726167
0.26686627
0.42114028
0.49252135
0.35919017
0.47795552
0.41559654
0.49598467
0.41356212
0.51409107
0.46741611
0.59527624
0.46697566
0.38847235
0.68846327
0.62108159
0.45946160
0.42184943
0.38798261
0.31706479
0.46364844
0.32669646
0.41633719
0.41723192
0.45900428
0.39679235
0.26118451
0.40120250
0.44229826
0.45057368
0.43593150
0.21014449
0.31749982
0.55489898
0.29337162
0.29920053
0.38406065
0.39617032
0.39167032
0.26507428
0.50927818
0.29847908
0.27396321
0.40991986
0.37815088
0.42922080
0.50862110
0.27680495
0.38403893
0.36174351
0.49186438
0.43152171
0.39162213
0.30573905
0.47639143
0.35032812
0.29320490
0.41530749
0.27032638
0.50167179
0.44094160
0.37874556
0.38316581
0.39953560
0.41645175
0.34171146
0.37553743
0.38216120
0.50896883
0.54245150
0.49705327
0.38227436
0.32688552
0.34923422
0.40972608
0.39016357
0.40265498
0.42888120
0.63209319
0.36591509
0.32242870
0.42476144
0.38429204
0.49694625
0.42931157
0.42055678
0.40966088
0.46388388
0.51640308
0.33876932
0.31478903
0.37237722
0.33228409
0.33966005
0.30699724
0.39092982
0.45655671
0.37886310
0.30886453
0.31330121
0.28964338
0.47206661
0.29129052
0.26968789
0.48661146
0.35961360
0.30277705
0.48273402
0.31375539
0.45787913
0.36533785
0.43005425
0.47470257
0.36605465
0.46286500
0.37010765
0.36220974
0.67176342
0.42997360
0.42119884
0.50261676
0.45529377
0.29196352
0.44055262
0.48795173
0.28182146
0.40464312
0.56224090
0.54514283
0.43552625
0.47425780
0.34818485
0.45299780
0.30441982
0.47889885
0.42628285
0.50501120
0.38471252
0.40363163
0.34298572
0.27810696
0.34622008
0.28798923
0.40142041
0.41094035
0.40302464
0.41863373
0.30540323
0.29311460
0.40561968
0.36699083
0.32136524
0.39188734
0.43655837
0.29769936
0.37308323
0.52708262
0.39179763
0.37299085
0.27470517
0.38347116
0.34454596
0.54458755
0.44562247
0.40183198
0.33950567
0.38223100
0.47803041
0.39311254
0.43109435
0.53775042
0.34309733
0.43565524
0.51251006
0.36147168
0.39979398
0.36886287
0.44291514
0.37491453
0.36563569
0.33964914
0.36189839
0.35324100
0.25652152
0.47197533
0.38922969
0.43853271
0.43139094
0.42284304
0.46563643
0.41269162
0.52516747
0.46691304
0.40653068
0.46479529
0.47016436
0.41217548
0.46224475
0.43549356
0.46978566
0.37056822
0.43279672
0.29508919
0.34627599
0.28223804
0.38833368
0.32796553
0.35835719
0.44570911
0.32319087
0.22991002
0.45104605
0.38762575
0.46583819
0.34298778
0.25463003
0.31213000
0.29655117
0.38862434
0.57757068
0.27409667
0.46336979
0.44320515
0.40751380
0.48866418
0.48121506
0.46325076
0.31212488
0.47526956
0.27436998
0.38170972
0.47563216
0.36186093
0.38970476
0.45222718
0.47313574
0.40591478
0.36325857
0.37580469
0.35256812
0.34030756
0.25780183
0.30040106
0.41656548
0.31773451
0.32964188
0.30295998
0.39691043
0.47245586
0.27757502
0.34904417
0.43476093
0.40364832
0.26808423
0.38934952
0.47107178
0.49949375
0.49838936
0.53312546
0.40321720
0.48597139
0.32801676
0.73954898
0.36849642
0.40780994
0.34197038
0.35045409
0.43178263
0.27600151
0.49049500
0.49995258
0.41860917
0.31217718
0.53158385
0.34589219
0.29047930
0.43673164
0.39623356
0.46000159
0.42431703
0.30583680
0.22122242
0.37380767
0.31039023
0.52930838
0.39824146
0.39310306
0.49159753
0.42459202
0.31826591
0.28859785
0.31065261
0.41090727
0.53514677
0.38624251
0.46484986
0.45661134
0.36436772
0.42636156
0.26449338
0.42456204
0.43447512
0.34787279
0.43104422
0.27915823
0.50135124
0.33426011
0.48646438
0.27361548
0.33621323
0.32164985
0.31098732
0.25171274
0.38660172
0.40083140
0.38216883
0.34804103
0.35603669
0.40568680
0.33512679
0.36533707
0.37200895
0.35344356
0.34815651
0.25477117
0.33727837
0.30551118
0.46456778
0.35690886
0.52142501
0.29475415
0.23514238
0.20210820
0.56495321
0.36153716
0.31685114
0.42170626
0.33879873
0.46623790
0.31332487
0.40330654
0.43231231
0.32431954
0.45308778
0.44459379
0.41397044
0.43603811
0.39140320
0.27990973
0.40260786
0.39007574
0.29636800
0.35419294
0.44531697
0.58811343
0.48548689
0.35734755
0.40315625
0.54116207
0.32739651
0.19816281
0.31553572
0.44261968
0.34047648
0.35597980
0.33783382
0.37510514
0.37749243
0.40634415
0.37718999
0.43396288
0.44871885
0.24608323
0.33801639
0.39463493
0.33233011
0.44390714
0.39265996
0.31816566
0.34282207
0.45030397
0.33710033
0.55013591
0.24514690
0.32388660
0.60712111
0.37489614
0.33339179
0.47830486
0.30865458
0.40153986
0.48004383
0.37806806
0.43880191
0.46618265
0.43148172
0.39945930
0.52688926
0.42646429
0.35189092
0.35694906
0.45171162
0.30520007
0.32650861
0.37588719
0.26845714
0.35333917
0.30709830
0.25755081
0.73025727
0.32002699
0.28420669
0.44206965
0.31295022
0.39746797
0.59683573
0.50540608
0.39064139
0.29054472
0.30268312
0.47958803
0.43120033
0.33491993
0.39746743
0.35556540
0.31560653
0.38176402
0.30396485
0.59213614
0.38898051
0.40488261
0.28244448
0.27918002
0.43259260
0.23790899
0.38356060
0.36629504
0.38815027
0.38426968
0.36222839
0.29659095
0.32354271
0.24750470
0.25559619
0.55809677
0.52311790
0.28607786
0.41539574
0.37106743
0.41270638
0.43637228
0.36933509
0.31973678
0.70695049
0.33323658
0.43245703
0.30483437
0.36137271
0.41538644
0.34132677
0.48565927
0.40969318
0.30098411
0.27764097
0.52658230
0.54516828
0.60741085
0.22483268
0.25772977
0.46751621
0.29161486
0.30481541
0.57316399
0.39689159
0.28742427
0.44413358
0.49550837
0.48052418
0.45674604
0.39301574
0.33620039
0.54044139
0.37409338
0.37910488
0.36804390
0.33242321
0.44732007
0.30854064
0.34330601
0.44870353
0.40263900
0.34452623
0.26429147
0.33356637
0.44464183
0.43588883
0.42184618
0.27136526
0.44384634
0.44678482
0.42253578
0.37176538
0.38944495
0.40894911
0.36842108
0.22697905
0.39501286
0.39249921
0.44969234
0.28635874
0.26200926
0.35024250
0.33457771
0.36393258
0.38857889
0.46173424
0.28058311
0.37855077
0.38471967
0.45054728
0.39124352
0.26987433
0.36506617
0.29102939
0.33492523
0.39114034
0.44002748
0.26905245
0.50296330
0.38645509
0.27219218
0.38387197
0.28355461
0.34502065
0.37719703
0.49757153
0.41084492
0.38544002
0.39479429
0.44863507
0.27693382
0.40303558
0.26611248
0.33079326
0.41406745
0.45895687
0.33324528
0.33822978
0.42742968
0.39879894
0.39679754
0.27362001
0.40992647
0.35764444
0.38458177
0.56559861
0.46928620
0.38493091
0.30376297
0.29899317
0.27414137
0.41434884
0.35786295
0.34594902
0.33622950
0.40717691
0.37649995
0.35355026
0.33378381
0.43206578
0.31499410
0.36298549
0.35351974
0.43883395
0.29752055
0.45002630
0.36756021
0.39276326
0.55445498
0.49100965
0.34638950
0.28852952
0.51018858
0.37763169
0.38064852
0.39110523
0.45264918
0.29671550
0.41373202
0.43725026
0.28800070
0.30844474
0.49404293
0.29594046
0.39435446
0.43710089
0.40943906
0.46243823
0.54017091
0.53734177
0.37311372
0.39047477
0.43680638
0.27946377
0.42533046
0.40506572
0.47718215
0.48395565
0.51836133
0.42456371
0.36659947
0.40655503
0.41335130
0.42075706
0.38494575
0.32639694
0.27293336
0.34793794
0.44214261
0.26728341
0.39801624
0.35122323
0.32856300
0.33429912
0.32407352
0.45391330
0.28234288
0.28507328
0.29750666
0.32847735
0.36644247
0.31650883
0.26628461
0.38294461
0.40148932
0.31638926
0.26671338
0.47448093
0.18355280
0.32027242
0.29886222
0.43275416
0.31767035
0.35310367
0.30723810
0.24732608
0.21934372
0.33122718
0.42956945
0.35265309
0.30722731
0.27728713
0.44336274
0.24043146
0.27792144
0.15276766
0.44188246
0.40233576
0.25076833
0.49067447
0.32383627
0.33519977
0.27602595
0.33761874
0.42604864
0.50603348
0.42473948
0.33388785
0.38225710
0.42746931
0.28314352
0.28476691
0.30826145
0.30432349
0.46062416
0.29949412
0.49824315
0.31828463
0.39030349
0.54860449
0.31465352
0.35241443
0.32330102
0.23781994
0.26248285
0.35824823
0.36204749
0.47625554
0.29785621
0.49281040
0.36490619
0.37246996
0.33835846
0.54673445
0.28801852
0.32906997
0.37273639
0.30251807
0.43840164
0.51334071
0.34858042
0.35537693
0.41487902
0.37241319
0.45727539
0.29655820
0.46073073
0.36778480
0.43092716
0.36255211
0.47078860
0.41625071
0.31083399
0.33490485
0.30551532
0.32612133
0.35062742
0.28762823
0.28966808
0.34410149
0.32324243
0.52283549
0.38757890
0.39711663
0.35818022
0.49833009
0.34901240
0.23703879
0.30548078
0.51683015
0.33273491
0.27552038
0.47348902
0.45181254
0.29677552
0.47421807
0.41332859
0.30767071
0.29544440
0.50737029
0.48219624
0.29864958
0.38033143
0.24695458
0.31255835
0.32415903
0.39928663
0.22994943
0.35807595
0.42795870
0.34276944
0.35860866
0.34977284
0.36673087
0.33511263
0.42361143
0.35204262
0.29489362
0.27020973
0.32470953
0.34463811
0.29559422
0.28259552
0.48095590
0.45976043
0.34116256
0.37264031
0.41996557
0.34993392
0.30620754
0.24465401
0.59039795
0.28585941
0.26814651
0.28757828
0.23168059
0.35506612
0.46295843
0.40451920
0.48856336
0.34623551
0.45371264
0.22991814
0.27280992
0.28537327
0.34929287
0.30149716
0.33363670
0.50821614
0.42307186
0.47667718
0.24887747
0.32859960
0.49565354
0.32578623
0.33892891
0.36070666
0.29386497
0.34330902
0.43410408
0.42882121
0.31534266
0.30952853
0.36674294
0.33825189
0.24409565
0.32939821
0.32391933
0.26418227
0.44075084
0.44947544
0.46567500
0.46762037
0.43925819
0.34558082
0.39637420
0.36917800
0.30816633
0.33578330
0.26123863
0.26900607
0.42886072
0.35774720
0.36039403
0.38022327
0.32357201
0.33664417
0.27083403
0.41125005
0.35132474
0.29041097
0.23612320
0.41110176
0.40505210
0.26333678
0.39148363
0.53597909
0.24885379
0.33821309
0.48156273
0.40761828
0.39107159
0.27665716
0.35623282
0.36433896
0.34714359
0.27548695
0.35692567
0.47661430
0.45250708
0.37078315
0.34589225
0.54213929
0.30709648
0.42880768
0.43160146
0.31361440
0.32055801
0.25635988
0.36552724
0.32224971
0.34192663
0.42959082
0.23764743
0.54221833
0.28500015
0.37414294
0.25584307
0.42704639
0.32251179
0.29893032
0.31679091
0.36985648
0.39506686
0.30419797
0.44137502
0.40568978
0.40372020
0.35795873
0.37964794
0.20213637
0.35014915
0.31508994
0.35250333
0.32311973
0.35150447
0.35122877
0.27970600
0.28807533
0.34828335
0.31766227
0.41830716
0.41100651
0.34516335
0.42970616
0.28968725
0.28612030
0.58237761
0.30063623
0.29313865
0.37629348
0.37700593
0.32796410
0.32380173
0.31563526
0.39143854
0.25310567
0.27568227
0.38054109
0.52498919
0.39508265
0.34920233
0.30096483
0.36908787
0.48694879
0.22683580
0.20656103
0.25661415
0.31103379
0.41556278
0.36939812
0.26397926
0.35124156
0.34924474
0.58897877
0.26534086
0.36693555
0.42077705
0.36915842
0.25214660
0.35000649
0.39452565
0.22113004
0.35708773
0.32677209
0.36963978
0.34828407
0.33045360
0.38744479
0.45094287
0.35346434
0.29937592
0.43943894
0.37321344
0.34425193
0.29800236
0.54113513
0.32802731
0.31213981
0.36288702
0.32122386
0.39626294
0.44289136
0.31303740
0.37256625
0.32157165
0.54802954
0.39128727
0.35905117
0.31830415
0.34610093
0.41436350
0.44508532
0.32941613
0.23707473
0.40684241
0.38031736
0.39106667
0.29236794
0.18484449
0.32290757
0.27732968
0.36598957
0.21324867
0.35008126
0.36684924
0.41247275
0.20152274
0.22577004
0.31994289
0.32413948
0.33447731
0.35934925
0.39570269
0.30701745
0.30280018
0.47111934
0.38827604
0.40330619
0.28742224
0.26800483
0.27755332
0.29843938
0.34462819
0.37433386
0.28829765
0.25908619
0.29084474
0.29385853
0.30721641
0.37292862
0.29784983
0.22506930
0.17167884
0.45464745
0.37341261
0.43678913
0.31068790
0.35263202
0.32347000
0.28468421
0.28089309
0.19530702
0.29612663
0.31969005
0.37521899
0.36458075
0.20122805
0.24685809
0.16985610
0.26451239
0.36980045
0.24141899
0.31684875
0.42854732
0.33973783
0.29007900
0.34710473
0.31405091
0.34135598
0.27370363
0.27120841
0.34781224
0.34989494
0.36929762
0.40018016
0.63792479
0.34566331
0.30114174
0.40461355
0.35293624
0.34241503
0.47011662
0.35614973
0.37452695
0.26090622
0.35161957
0.43016082
0.42377532
0.33624595
0.37860173
0.31848836
0.23717150
0.39613342
0.29481187
0.36472037
0.29799211
0.31444138
0.21004541
0.31661335
0.30558538
0.22609550
0.32642156
0.28131565
0.31546450
0.27016526
0.36023542
0.41851896
0.24234150
0.29523098
0.32533193
0.21850479
0.45630595
0.35364044
0.60346156
0.27740532
0.20825344
0.48522913
0.28152353
0.32031137
0.33576274
0.42778459
0.15671875
0.42100626
0.37020540
0.29022205
0.34139037
0.43162724
0.29456747
0.26054841
0.37905777
0.31538171
0.38788667
0.18735571
0.31825995
0.25155997
0.38728327
0.30882418
0.28892657
0.34672630
0.36441994
0.23200884
0.49993202
0.34388906
0.31363687
0.37594020
0.20021328
0.28015152
0.23558778
0.33809239
0.43346477
0.35192734
0.40011913
0.38489729
0.34815216
0.38403189
0.37048733
0.38607466
0.33640704
0.66506243
0.27698380
0.25680491
0.36814177
0.34446910
0.27728534
0.41571069
0.42051876
0.32145989
0.40136290
0.39301240
0.38957995
0.34170613
0.29255906
0.30621248
0.25336757
0.29388160
0.29558682
0.39190245
0.51094085
0.40710291
0.32924661
0.35923013
0.31877509
0.35037354
0.44372776
0.26737157
0.29647928
0.46997344
0.29840970
0.29360849
0.37062138
0.43854958
0.26322526
0.24956600
0.43721291
0.29998267
0.40120304
0.25630111
0.53395545
0.25961131
0.26106560
0.31560379
0.40898657
0.23378310
0.33038443
0.32274443
0.39445838
0.18288541
0.27363715
0.33178851
0.44482321
0.44597554
0.33467001
0.32217202
0.33706465
0.39620474
0.24085882
0.40039653
0.22649483
0.30467570
0.44504830
0.37998158
0.30282822
0.33752212
0.30945009
0.37787086
0.25015542
0.32804954
0.44693381
0.44213235
0.30827901
0.41638660
0.32170475
0.39827928
0.37923539
0.42415208
0.36866203
0.29619956
0.40379080
0.30240625
0.36800551
0.31966507
0.36686647
0.27657655
0.32907236
0.32585233
0.38757697
0.30463246
0.27780241
0.32281440
0.40967664
0.31911886
0.29834664
0.20804006
0.25429338
0.28861678
0.29319268
0.34970552
0.17669584
0.43594980
0.30528879
0.32045496
0.37506133
0.41976082
0.29754618
0.26179990
0.37090024
0.40144271
0.29646948
0.33520132
0.38437623
0.27258211
0.39931917
0.26819310
0.25868669
0.34535682
0.30159652
0.34004039
0.22831181
0.39149141
0.27155963
0.33212769
0.32239068
0.31072688
0.25003445
0.43191361
0.37539279
0.25625682
0.31457210
0.40152603
0.30709559
0.36772716
0.34535781
0.28431484
0.35085455
0.46653512
0.37405896
0.30563623
0.38417411
0.16566335
0.38516611
0.30152920
0.28980434
0.44754282
0.41606039
0.48235571
0.22036675
0.44441497
0.30905449
0.30054915
0.36320040
0.30165040
0.27668828
0.25229257
0.44495195
0.29746804
0.24793592
0.34556955
0.55104852
0.19746026
0.38118586
0.31590244
0.33084342
0.45126283
0.33579159
0.29241139
0.40316674
0.45569226
0.40182799
0.24833153
0.39334422
0.20795900
0.29879245
0.18590091
0.23246878
0.25907743
0.51477283
0.44579425
0.28349233
0.26202679
0.42773002
0.33296251
0.26941296
0.32134172
0.43595794
0.32180172
0.38705313
0.40440148
0.34346908
0.33329570
0.28429812
0.20623259
0.26585427
0.38005221
0.27951667
0.26971772
0.54434371
0.41610065
0.33709666
0.41623497
0.27714849
0.27225369
0.29590225
0.37831575
0.25226420
0.29834276
0.21779683
0.21851015
0.25022846
0.38757712
0.32580882
0.25258666
0.28138271
0.42385352
0.35946137
0.27442861
0.29647666
0.14562868
0.29382950
0.30690530
0.51442659
0.22128582
0.20154664
0.25222707
0.24167801
0.29262316
0.24240774
0.44571236
0.19643393
0.27954590
0.40331131
0.21099696
0.36152095
0.20849067
0.26761442
0.30418572
0.34109998
0.17540778
0.34081465
0.27479994
0.31852713
0.38120866
0.44493514
0.34146023
0.24284041
0.33017156
0.32304543
0.18178257
0.29090887
0.26784271
0.22999436
0.30800322
0.22466469
0.36838722
0.30492386
0.23805593
0.40379351
0.39671004
0.25091627
0.28950500
0.25949898
0.30243129
0.37638807
0.41265595
0.29339147
0.20487015
0.29936379
0.34056947
0.23208614
0.16436359
0.22986856
0.31522703
0.34841728
0.40175974
0.35650963
0.31514925
0.28081837
0.22375700
0.33744958
0.42060170
0.19211870
0.30880234
0.37511328
0.41934273
0.31240183
0.30871314
0.33322325
0.33159834
0.28672737
0.30383795
0.37747031
0.31040663
0.35381889
0.31173176
0.38072425
0.30410612
0.37477943
0.22847152
0.21063127
0.28430879
0.31828326
0.38473135
0.24703227
0.21110660
0.23430446
0.33196950
0.29557875
0.26872259
0.30376440
0.37669742
0.26461005
0.26488537
0.30023354
0.24858318
0.32563221
0.36477411
0.38847786
0.25930908
0.36616153
0.29975682
0.25560150
0.30882698
0.24698551
0.33678204
0.27850035
0.36422902
0.27091998
0.28904420
0.28055257
0.39323431
0.22431210
0.40338272
0.30867928
0.27016640
0.35145575
0.29783657
0.24703786
0.35040122
0.23710328
0.27261856
0.20925957
0.28978443
0.35010475
0.30265403
0.39995128
0.25954396
0.25632170
0.30389249
0.45597827
0.24586195
0.33930060
0.43384156
0.27427250
0.25162265
0.24313867
0.28820240
0.29597282
0.32439417
0.24521729
0.34753311
0.43870294
0.30389500
0.25233132
0.19341949
0.26679075
0.43289828
0.20087497
0.22675735
0.29331613
0.36486772
0.31043363
0.32601899
0.31629494
0.33781680
0.22249180
0.28425184
0.26003927
0.36546075
0.42892408
0.19410037
0.24793613
0.34803796
0.36478740
0.23990794
0.38853183
0.34868735
0.30794966
0.24542201
0.36851549
0.39663777
0.30942944
0.26860225
0.28806978
0.30766678
0.27892986
0.27506876
0.27083784
0.39258105
0.22548559
0.29998457
0.34811613
0.41874266
0.28713202
0.27609408
0.33420151
0.42525417
0.23009041
0.53117543
0.37933069
0.29635745
0.39708847
0.26843524
0.31235117
0.28245038
0.42470357
0.43473175
0.37038130
0.32448387
0.28876719
0.28862435
0.42675075
0.28526038
0.33691514
0.35696381
0.34466493
0.27956563
0.20440778
0.31664097
0.34642661
0.29831475
0.33170339
0.31778258
0.28847978
0.40885377
0.20662180
0.20865732
0.34530279
0.34801900
0.34425029
0.23274449
0.25672808
0.34506357
0.32878211
0.36513144
0.22936735
0.36689019
0.42027071
0.24782862
0.36490095
0.30856434
0.38739023
0.28532088
0.36215109
0.45771551
0.32431328
0.38947177
0.32026365
0.31099141
0.37818840
0.33824807
0.20466875
0.23854293
0.29315776
0.30882615
0.40999019
0.14651109
0.32029250
0.29147637
0.33084020
0.25900692
0.56640399
0.29461345
0.31756902
0.22836785
0.30962414
0.25046772
0.43800819
0.29306966
0.41519696
0.33389649
0.53661704
0.28999674
0.31600159
0.22938836
0.41019756
0.37295765
0.30596548
0.34971181
0.34762388
0.39476728
0.32514045
0.29131368
0.24953923
0.26646018
0.32494861
0.25698930
0.36732507
0.27397668
0.32473773
0.35870337
0.37428951
0.25059527
0.11740876
0.37599421
0.32552999
0.38444936
0.29423210
0.36242867
0.36629927
0.22679855
0.41993397
0.43124044
0.38372564
0.33413112
0.19687608
0.37319833
0.39247006
0.30752248
0.21814698
0.27042630
0.34132707
0.29652232
0.37065738
0.27677161
0.41467017
0.31520331
0.30004773
0.27808869
0.26907915
0.34414357
0.32085943
0.21896587
0.47475559
0.22059256
0.22684488
0.26154408
0.25210971
0.19406787
0.45803499
0.31824428
0.28940406
0.25271770
0.50326687
0.47932392
0.34827200
0.21580550
0.26237196
0.36788869
0.34881416
0.23401672
0.17912799
0.18798450
0.23617020
0.34288716
0.31492186
0.39379489
0.22536427
0.37416154
0.28367329
0.36231190
0.17409781
0.30219638
0.30103260
0.21731809
0.33218440
0.23552787
0.16519880
0.24355137
0.24732290
0.20161840
0.28463015
0.14596215
0.24160126
0.14486153
0.18858740
0.16435638
0.37747109
0.35130486
0.26304072
0.29816312
0.22452115
0.23608421
0.22321324
0.19279291
0.41237754
0.21529025
0.31160527
0.29519945
0.33909315
0.30675322
0.19181147
0.15811490
0.15264307
0.25062042
0.42672151
0.37267655
0.29911867
0.31251615
0.16212052
0.34092623
0.32906342
0.27621153
0.25269175
0.24969432
0.23956858
0.35962263
0.25467035
0.23928246
0.29050684
0.23347227
0.20597500
0.29487902
0.32151857
0.20838095
0.33955532
0.23291853
0.20678946
0.35864320
0.28248644
0.25860220
0.19799234
0.23674718
0.47111952
0.20929423
0.28413790
0.29510421
0.38349068
0.30841660
0.25949281
0.30780756
0.28382194
0.24739563
0.22338791
0.29004356
0.22398627
0.21148118
0.31176642
0.23553419
0.19091675
0.22082095
0.25104469
0.39592505
0.34321275
0.19114149
0.27557695
0.30203414
0.34019566
0.19489442
0.34206823
0.23367888
0.35849983
0.32161868
0.28898770
0.32575348
0.54179561
0.35492957
0.45707473
0.36482573
0.38227022
0.36046714
0.27856052
0.29384169
0.38623208
0.24450541
0.24340007
0.26051268
0.29470158
0.36501867
0.38007954
0.31302935
0.29280171
0.28308898
0.21314724
0.38825679
0.31218293
0.28814000
0.22851989
0.20150182
0.30678859
0.31623244
0.12024745
0.23561905
0.30672494
0.18721567
0.18151650
0.27374342
0.27382571
0.16623709
0.20021772
0.18595752
0.28648698
0.24324824
0.30726108
0.28653148
0.28832847
0.30084705
0.17556655
0.25799644
0.23514959
0.41309220
0.20428389
0.26051193
0.30495363
0.29960173
0.28725314
0.34653866
0.20346504
0.20901492
0.23198521
0.32841828
0.28166416
0.23898301
0.32089883
0.20126516
0.32640699
0.17890853
0.31608480
0.30991486
0.31538516
0.32649156
0.35444176
0.33464560
0.36579365
0.34123182
0.35026839
0.28869578
0.21961221
0.29892874
0.26765293
0.29913691
0.24507597
0.43838912
0.30922747
0.33948869
0.34492132
0.28400141
0.25392827
0.43351895
0.24495006
0.31447536
0.41427487
0.31324607
0.25968459
0.30442414
0.26287508
0.24557525
0.35474753
0.17818895
0.23401698
0.17509305
0.44614571
0.22754288
0.25667083
0.36802241
0.30877408
0.24964246
0.26592985
0.24363340
0.27198583
0.24963568
0.22526896
0.22660547
0.38190594
0.37483665
0.26354545
0.41242093
0.36518866
0.27090505
0.25987291
0.20696144
0.27006495
0.31930959
0.24934986
0.29657817
0.27601463
0.29074791
0.24838164
0.28529760
0.28925669
0.35090810
0.26017696
0.46995428
0.27611786
0.36024639
0.47266328
0.36438942
0.25047451
0.29722267
0.39066455
0.25417426
0.14324893
0.39809147
0.40610701
0.27473140
0.39362550
0.30081624
0.24866074
0.37079358
0.38920617
0.22000477
0.28271312
0.28440434
0.33403382
0.34578854
0.22996122
0.26471916
0.28316998
0.41725141
0.24085033
0.27870029
0.35581541
0.37706968
0.29349336
0.29545274
0.23295203
0.25021297
0.29968292
0.26348159
0.27667338
0.36321592
0.32929844
0.39985061
0.29149523
0.22914174
0.40857351
0.31535980
0.25447148
0.26671219
0.44095170
0.24684970
0.22707000
0.21013275
0.41427603
0.53172958
0.26210368
0.26716089
0.22674663
0.24002841
0.27447656
0.33345181
0.30221719
0.28366303
0.43386042
0.23756111
0.20520842
0.30648687
0.26296103
0.27028060
0.43482727
0.33101428
0.39793146
0.29625928
0.39844596
0.55932045
0.18362086
0.34602213
0.25273180
0.38897294
0.31469518
0.31356722
0.25584128
0.34936559
0.31501266
0.46145481
0.50731713
0.24754092
0.39948723
0.36243206
0.32844776
0.21621093
0.29796809
0.24865255
0.34634638
0.30483115
0.33200794
0.31804082
0.24089833
0.24798052
0.26714206
0.42807102
0.29307976
0.30439502
0.28562701
0.25309122
0.27413797
0.27544290
0.26972160
0.19748986
0.30933845
0.39705455
0.22896624
0.39059311
0.27324376
0.29435003
0.16328292
0.29057118
0.28753039
0.22842434
0.27828872
0.33304387
0.29082155
0.34423560
0.25199902
0.25090432
0.18937203
0.16899583
0.24752821
0.20697688
0.31139484
0.21838298
0.24521394
0.24113314
0.28892231
0.26378900
0.18590541
0.21041952
0.26733553
0.23060903
0.37648737
0.23576054
0.30089957
0.32277238
0.27482688
0.16333552
0.38838312
0.26791510
0.21879864
0.21572533
0.23672743
0.31414819
0.22609153
0.40713471
0.18004392
0.22245912
0.23687330
0.34617794
0.21555445
0.32062835
0.27916294
0.41800672
0.32552209
0.22818786
0.32949209
0.26166368
0.20598440
0.23983827
0.20522656
0.39896387
0.31329590
0.21855584
0.26736304
0.26457912
0.31871116
0.28790903
0.28914541
0.21891034
0.16478813
0.26403719
0.19085987
0.22725211
0.26574850
0.22485174
0.40898585
0.35552332
0.37137693
0.32646239
0.22051948
0.24379678
0.17651531
0.27709955
0.29243582
0.18011698
0.23255524
0.21556735
0.24916883
0.13363124
0.31388122
0.25335771
0.24444160
0.19088271
0.28788015
0.17522034
0.21302621
0.17046706
0.25252667
0.24605739
0.25899690
0.25802982
0.35270515
0.35217226
0.11087364
0.28891423
0.33597475
0.22617349
0.29362121
0.34418124
0.35626775
0.34775868
0.29939657
0.27653781
0.23923421
0.23257686
0.23959050
0.34082448
0.32225251
0.24756709
0.26644832
0.35279202
0.24618815
0.21300602
0.37147528
0.19003581
0.25886238
0.34866929
0.21131223
0.40018475
0.26370794
0.25647134
0.27203560
0.38591760
0.18170017
0.31129226
0.25669676
0.32763147
0.31930166
0.28976560
0.31492946
0.28582525
0.40471506
0.29459387
0.29044887
0.28870907
0.31680429
0.23336007
0.26218680
0.21457018
0.24128023
0.28087348
0.25807923
0.34574825
0.21751967
0.35761401
0.21210980
0.32008088
0.26787108
0.18353701
0.31630254
0.21293335
0.25592196
0.26046294
0.13491127
0.37386531
0.23752104
0.34148759
0.37574202
0.25321630
0.32506323
0.34046113
0.39238712
0.20456181
0.22636962
0.31923428
0.18860736
0.22329687
0.32746631
0.20126031
0.31222808
0.28396598
0.32173404
0.22323254
0.30313849
0.26434448
0.19561252
0.24498570
0.38323998
0.26728377
0.36759585
0.18154818
0.25771701
0.21423283
0.31936979
0.35391927
0.21549428
0.23851097
0.24237113
0.30614150
0.39641386
0.29896343
0.39061064
0.39567924
0.32692626
0.33622599
0.24518546
0.37052274
0.35918534
0.41445571
0.24778131
0.27043241
0.31740880
0.35167462
0.24148495
0.34268624
0.27429387
0.33107549
0.44019228
0.34873292
0.29235524
0.31389531
0.28199747
0.26202023
0.29853272
0.15431526
0.22658125
0.24255964
0.29194754
0.29672426
0.25644675
0.31991601
0.26986971
0.35926992
0.33777887
0.25025237
0.25732222
0.37813115
0.23722929
0.23492807
0.27230084
0.34128979
0.29859811
0.30742168
0.26134261
0.38905767
0.26872239
0.25857633
0.17168927
0.15540797
0.26833898
0.29443663
0.25942051
0.25695980
0.33362707
0.25490570
0.24890506
0.28835160
0.37516230
0.22424945
0.20898767
0.39002398
0.22411923
0.31529498
0.27023745
0.42108113
0.31007630
0.33460116
0.17076550
0.18612650
0.22413689
0.22551827
0.27547869
0.29045302
0.27988800
0.32218534
0.33263195
0.40336478
0.28263813
0.26512635
0.32307699
0.33253601
0.27657241
0.27710903
0.37177765
0.28952298
0.32166329
0.19359991
0.28089783
0.32672712
0.30485970
0.25310847
0.22693804
0.22449896
0.21841161
0.32437932
0.46171203
0.29333436
0.26202133
0.24357289
0.22139627
0.20277399
0.27324265
0.19458343
0.23421483
0.25257799
0.33348796
0.19613324
0.40821919
0.26820296
0.30757773
0.28349948
0.16248651
0.36088267
0.27778697
0.17140532
0.27710748
0.30475104
0.14194842
0.20390102
0.31803045
0.28922787
0.34296989
0.24499980
0.33758730
0.23137635
0.23620662
0.37429839
0.29644996
0.26660720
0.26455119
0.16765118
0.21175483
0.29366863
0.35606289
0.18497190
0.22955503
0.42318568
0.18172374
0.24787897
0.31515893
0.18941724
0.18131761
0.25848925
0.38140947
0.37721041
0.27387455
0.31692120
0.34399945
0.18855801
0.19140825
0.28573516
0.25819090
0.23662958
0.32672900
0.23608308
0.30538827
0.31410098
0.31976920
0.17423257
0.22486237
0.19514334
0.18963060
0.29427108
0.36499009
0.32277453
0.36120653
0.53776205
0.28155294
0.23331901
0.23063123
0.19041687
0.25435174
0.14707047
0.22057733
0.30295101
0.28667402
0.31935602
0.21543360
0.25411367
0.12167324
0.09397407
0.22838935
0.19139168
0.19705589
0.32105029
0.32494849
0.29205942
0.16921628
0.34404749
0.31839180
0.22510363
0.13089454
0.24920301
0.22184971
0.25750348
0.16510475
0.25221473
0.26487395
0.17920773
0.14832653
0.18032330
0.19400033
0.25587496
0.39128366
0.25668496
0.28437153
0.20653272
0.31941777
0.24756634
0.19983327
0.29219407
0.23293641
0.37650183
0.17743683
0.21464436
0.16326058
0.21575195
0.19198871
0.19973657
0.27181548
0.19882688
0.18992206
0.24806142
0.23761150
0.20324612
0.26184148
0.29536986
0.21270049
0.28415245
0.27668694
0.25206971
0.14288643
0.31655234
0.23562728
0.27588189
0.20164149
0.33365896
0.20885064
0.24117771
0.25279838
0.32576638
0.15497825
0.34313497
0.42568117
0.19344890
0.21132329
0.23846525
0.16690102
0.24772580
0.17502177
0.20251107
0.19006309
0.27867213
0.18809672
0.36387929
0.24819523
0.27216461
0.11465612
0.28184581
0.29424587
0.40478289
0.28199622
0.25259352
0.44937360
0.24503399
0.16626057
0.18515262
0.24376175
0.17716840
0.22352420
0.25596136
0.20664319
0.25307360
0.25389525
0.14791518
0.29802528
0.17988595
0.35714698
0.23613217
0.36371621
0.11374544
0.35029820
0.21731851
0.23002344
0.25043836
0.34077263
0.17470366
0.24413523
0.33991295
0.17835203
0.29499614
0.35641795
0.24870370
0.34047094
0.28582940
0.17880072
0.33807975
0.33153060
0.42616537
0.26377118
0.25926948
0.34407818
0.21249548
0.30312699
0.23351771
0.20735216
0.34090322
0.29795593
0.30105406
0.32040241
0.26354787
0.34956557
0.18488672
0.23677704
0.33446640
0.42059213
0.22310457
0.23126388
0.34113240
0.25499576
0.23021798
0.19876245
0.30034977
0.31945533
0.24444696
0.38362885
0.40166503
0.22688697
0.23036911
0.15645368
0.24325150
0.20361367
0.18339190
0.27335501
0.35158807
0.30112213
0.21629605
0.14985740
0.25038642
0.18778960
0.36207950
0.25574562
0.24643068
0.33152908
0.27059582
0.32955343
0.27404454
0.14899047
0.35699114
0.37926534
0.20800486
0.17100915
0.27318907
0.27757511
0.24534324
0.18085362
0.31196380
0.38175616
0.32391703
0.20371014
0.17620650
0.23777448
0.32489836
0.32290500
0.33306313
0.17670144
0.20900077
0.21295770
0.24559079
0.29617134
0.19986388
0.22355664
0.14502332
0.32933551
0.27054751
0.21723059
0.17964692
0.20372078
0.31385797
0.28004706
0.16812967
0.32380563
0.28544089
0.23512465
0.37208676
0.21524212
0.31882095
0.21819872
0.18106250
0.39726990
0.32331875
0.33342785
0.35852700
0.39443988
0.63543624
0.20119777
0.41761151
0.36857209
0.33193660
0.18584661
0.18357888
0.21431071
0.26102740
0.33300450
0.41349733
0.26958877
0.36547020
0.32835925
0.24694160
0.19571248
0.32735202
0.32356027
0.33058900
0.23681515
0.27107370
0.26933640
0.37779984
0.24137188
0.26538640
0.23973860
0.26471359
0.18880923
0.30433324
0.27716720
0.29052618
0.39637592
0.10328555
0.24501058
0.33233923
0.24619108
0.28997672
0.26062396
0.37120122
0.26232681
0.39004856
0.32197708
0.18252289
0.20290720
0.21453510
0.27909204
0.20832546
0.19338538
0.31640786
0.27459440
0.30567151
0.28328472
0.18176928
0.22009760
0.25491524
0.25647667
0.24035406
0.15683785
0.23929466
0.31635019
0.27507073
0.25026721
0.19339639
0.29938424
0.27269834
0.18136649
0.22978076
0.20365924
0.19300029
0.42044574
0.23131408
0.25338265
0.31438577
0.49586141
0.24859726
0.19903508
0.12287116
0.28675574
0.32753959
0.15571217
0.29174086
0.30195898
0.23349169
0.36865464
0.23686290
0.30810624
0.24177003
0.22095829
0.30051556
0.32919228
0.16488242
0.22624716
0.28027332
0.24648300
0.22043344
0.27755240
0.31644073
0.34408432
0.15165532
0.34269810
0.29593456
0.28819573
0.26996559
0.29843807
0.18889526
0.28361613
0.31816909
0.38245308
0.25027680
0.34465271
0.30375990
0.24120721
0.26165330
0.28265607
0.19355719
0.35894349
0.25066125
0.38822201
0.31255412
0.18732531
0.27411819
0.17307563
0.28985140
0.27702159
0.33354324
0.24796492
