2.30201006
28.46870041
2.30284619
2.29954433
2.30312920
2.30040264
2.31425381
2.29845762
2.30412388
2.30489206
2.29892516
2.30821562
2.30775356
2.30067897
2.30502605
2.30147266
2.30491948
2.30314684
2.31039786
2.30628920
2.30619287
2.30442524
2.29923773
2.29955244
2.30333042
2.30268717
2.30468655
2.30297661
2.30308723
2.30461764
2.30303645
2.29752111
2.34931374
2.30056906
2.29833961
2.29911399
2.30074549
2.30300522
2.30146241
2.30761003
2.30105829
2.30149698
2.29764652
2.29345775
2.28048491
2.30126619
2.27648115
2.29084349
2.28924680
2.28749657
2.27050972
2.23095369
2.37107873
2.24838114
2.27234316
2.28461671
2.29684210
2.28769207
2.29671931
2.29808354
2.28320503
2.28393888
2.23211002
2.21763611
2.27555180
2.25114942
2.21560407
2.21952677
2.22746658
2.22733593
2.19600010
2.23783445
2.11582327
2.08598018
2.15075397
2.15422702
2.17243385
2.19319582
2.13438892
2.11021018
2.11974049
2.03615522
2.17021418
2.14157295
2.20904875
2.13364363
2.12082005
2.13940883
2.09703565
2.11899447
2.07697392
2.12944722
2.09943342
2.13622093
2.11178970
2.01637268
2.09859228
2.04853868
2.02274084
2.18845081
2.14624500
2.06332707
2.12202573
2.02574110
2.00644183
2.09500122
2.11553335
2.09427452
2.11539125
2.05389881
2.10930967
2.08863592
2.11342096
2.07686043
2.03341389
2.09208393
2.00170851
1.98964071
2.06851721
2.07903337
2.11822033
2.13057089
2.05056190
1.99884856
2.11928892
1.96832514
2.04183483
1.96955037
1.99158001
2.03209019
2.08743286
2.04611802
2.03473330
2.02573252
1.99280655
1.97108340
2.00849915
2.02485895
2.14502287
1.95185471
2.13571906
2.00146341
1.94967127
2.07140160
2.06274891
1.97058487
2.09602213
2.07728100
2.02311635
2.07376051
1.98263359
1.97047877
1.99085569
1.99722123
1.99651015
2.00338936
1.94697452
1.94348776
1.88684964
1.89458513
1.92651320
2.11361361
2.02033472
2.03565073
1.96504116
1.88204980
1.95963776
2.01458979
1.96795106
1.93134403
2.00525522
1.99108183
1.84393001
1.89104772
1.94296896
1.99350631
1.93214536
2.03933716
1.97578764
1.93669093
1.92993248
1.97327375
1.93498003
1.92374611
1.89732075
1.84235311
1.88209069
1.99220657
1.97697270
1.98832428
1.96537530
2.04478359
2.02953959
1.98007405
1.94416487
2.01495695
2.04652309
1.93541884
1.92566848
1.91604376
1.95146799
1.95988214
1.85631657
1.92287362
2.05690241
1.89157689
1.93934131
1.93640256
1.91923904
1.90500402
1.88566375
1.76725900
1.88244343
1.86995935
1.81223488
1.94288182
1.91986394
1.99825180
1.81736982
2.11347342
2.00239491
1.83935118
2.04905939
2.07602358
1.89380765
2.07106590
2.03789020
1.90512896
1.83326590
2.08470869
1.97093022
1.84166408
1.88609171
1.96263063
1.83936608
1.88871455
1.86454773
1.98585141
1.90282834
2.04795885
1.93507648
1.94346762
1.93713164
1.97204232
2.00752544
1.86322987
1.86209846
1.96423388
1.96045554
1.85752773
1.94429159
1.86890268
2.08202672
1.83937216
1.89627182
1.80376339
1.90914011
1.90469265
1.83099103
1.82136178
2.01692319
1.83705389
1.80998158
1.86416471
1.87306440
1.86774540
1.82200170
1.90384722
1.85209405
1.86809421
1.92159939
1.92700124
1.97226727
1.78143191
1.83898461
1.87803459
1.84888303
1.84534550
1.88510287
1.94370067
1.77281857
1.82518840
1.82296157
1.92148924
1.87268090
2.03014159
1.83077073
1.79960883
1.76417446
1.92276096
1.84608912
1.87312341
1.91773593
1.87807858
1.79495645
1.84132195
1.92801261
1.77666390
1.72134078
1.83351338
1.94391561
1.76565599
1.74625278
1.87849605
1.78558040
1.81511080
1.83775187
1.83555806
1.89363217
1.75833833
1.90404344
1.78825760
1.77047896
1.92652917
1.73075342
1.89094543
1.82033992
1.87630773
1.75684381
1.82093346
1.76180518
1.82401240
1.87844062
1.89325309
1.65327692
1.73969471
1.79307425
1.79262781
1.56145954
1.91494966
1.71284807
1.86365986
1.87173069
1.77457070
1.82951939
1.71824229
1.85354245
1.65347528
1.87764037
1.83742702
1.73967278
1.72174716
1.82627594
1.75677288
1.85941792
1.75871718
1.83521152
1.83105397
1.79626465
1.86137950
1.91448176
1.91087806
1.83777690
1.86112678
1.86707616
1.74654007
1.85586238
1.80745864
1.84417367
1.71962941
1.89101267
1.72271943
1.86259890
1.77411008
1.82315922
1.83479059
1.79264414
1.92833376
1.74224424
1.66485250
1.77147698
1.78258181
1.72368908
1.79479742
1.82073069
1.69773054
1.68379188
1.94421649
1.74442863
1.87783575
1.67738628
1.82452655
1.83585405
1.76117826
1.70948720
1.87117267
1.80737090
1.69875467
1.79614425
1.62011147
1.61840034
1.82255769
1.71926904
1.70754862
1.85259199
1.63899255
1.64223719
1.86303568
1.78196526
1.69180584
1.85822105
1.67419434
1.75536883
1.86497188
1.88831353
1.66982913
1.73304975
1.88892305
1.81739700
1.70932126
1.77188706
1.62049806
1.67367351
1.69627953
1.90012670
1.71654248
1.70597589
1.77524185
1.79125047
1.80287099
1.57777035
1.83752775
1.75142336
1.74755716
1.78744960
1.81588256
1.79562521
1.71009934
1.78782213
1.75363982
1.67941225
1.74811804
1.83950686
1.71115005
1.66846752
1.79266381
1.53370428
1.74684596
1.72944617
1.91405237
1.63880932
1.73599494
1.68288803
1.75687313
1.78330863
1.83929121
1.66283166
1.71676850
1.87679744
1.77483082
1.72958219
1.67320156
1.58057010
1.75120878
1.63590670
1.76080656
1.68617892
1.66797543
1.77570391
1.61841023
1.55367923
1.76880431
1.84584320
1.70448017
1.67286229
1.69434202
1.78935218
1.70219493
1.70474112
1.70889854
1.50980592
1.68108010
1.76885355
1.62868464
1.59995139
1.74554491
1.68783486
1.70963907
1.76863647
1.70340586
1.55519962
1.75869739
1.85001755
1.79586506
1.71762812
1.70988870
1.74775755
1.75815344
1.71436310
1.71430314
1.65087616
1.74556828
1.76067472
1.59230065
1.69230068
1.72788811
1.59301758
1.67278934
1.51073468
1.52692795
1.55427206
1.67582989
1.60881054
1.66239488
1.66967988
1.64478314
1.82842779
1.84247792
1.76408958
1.70683861
1.77087927
1.74935913
1.68062210
1.72321010
1.62680864
1.77243495
1.70595527
1.63652897
1.57724643
1.58594155
1.78708255
1.67029023
1.66388774
1.48365307
1.72495234
1.62241912
1.57805407
1.55411983
1.74037027
1.50712454
1.69702744
1.68071425
1.69981384
1.59289503
1.84171402
1.61391580
1.66988993
1.44402075
1.64616132
1.59187531
1.65696549
1.56870341
1.61293817
1.79091585
1.64901495
1.59633136
1.64210272
1.61459076
1.54414225
1.62964368
1.77191341
1.56244719
1.69857597
1.66852057
1.65958524
1.62054276
1.68508422
1.73302245
1.59583032
1.60989308
1.54250789
1.59044313
1.69924450
1.70048809
1.61505723
1.57590926
1.77816677
1.72045445
1.63059855
1.76687312
1.65780973
1.66191387
1.74211979
1.63438606
1.76416874
1.66975164
1.49013734
1.67087865
1.75202036
1.65582204
1.57692373
1.55626714
1.59255719
1.51923323
1.66503716
1.66950512
1.57786334
1.64827394
1.66365254
1.62752259
1.64513922
1.70785213
1.61921394
1.63437176
1.62046969
1.57558942
1.73895097
1.71298528
1.61463428
1.49998081
1.56384170
1.79753709
1.66328740
1.69229496
1.70584941
1.48622298
1.64834738
1.55916798
1.60540175
1.59824944
1.48645318
1.64487314
1.52163029
1.51656342
1.61875904
1.52000904
1.65831661
1.59211373
1.60717356
1.72529173
1.53507197
1.61379611
1.55040908
1.72125351
1.56217718
1.52286148
1.55503845
1.48339391
1.67547083
1.48444307
1.64574838
1.61863375
1.72529292
1.54859686
1.47911704
1.43805480
1.60849643
1.69475305
1.67144132
1.57109797
1.67846990
1.65246534
1.66738391
1.64490438
1.60765815
1.69131470
1.66693616
1.47965002
1.50583565
1.59544384
1.54539323
1.54788399
1.53584981
1.49461114
1.66337514
1.63021207
1.64302969
1.55447125
1.58678079
1.44541454
1.61203122
1.63562226
1.60186172
1.52742195
1.43432808
1.59130013
1.59153271
1.44002843
1.60155392
1.44397688
1.39006281
1.46030855
1.50375533
1.58245611
1.55690503
1.68096089
1.85847139
1.54296947
1.49489105
1.91860020
1.46581554
1.61839557
1.80733025
1.73833835
1.60685205
1.68654060
1.58808804
1.52202237
1.50346744
1.71195436
1.49829984
1.66716421
1.59328067
1.36888349
1.62584710
1.46261668
1.55090976
1.55333757
1.41701758
1.44101262
1.67025733
1.61559081
1.45647526
1.97601748
1.53895366
1.57402849
1.51811934
1.58712471
1.44314647
1.54962480
1.64384639
1.67389464
1.71625304
1.50596440
1.62545860
1.51604009
1.56709933
1.51253915
1.66624618
1.62474751
1.56789243
1.52284431
1.47750986
1.68489099
1.56979632
1.51440811
1.48189676
1.48458636
1.61320841
1.63216817
1.61402667
1.51597929
1.46811068
1.73875380
1.48651040
1.43967152
1.79536414
1.63024759
1.45077288
1.54831576
1.65686893
1.67291355
1.41486621
1.35260391
1.54562187
1.65118194
1.52133441
1.59375310
1.55538654
1.48334050
1.49301243
1.42338407
1.48823833
1.56118560
1.54920352
1.53995204
1.65532613
1.41503978
1.54806948
1.60782218
1.48614800
1.58215189
1.50531518
1.35729516
1.47229004
1.45070982
1.43052685
1.43007863
1.37866318
1.46963274
1.49597073
1.47411919
1.53498292
1.63901412
1.47282195
1.57646632
1.56391847
1.49997616
1.48851311
1.55502701
1.72838449
1.50440598
1.50910711
1.44419408
1.57639456
1.42186522
1.42074609
1.38152993
1.47511041
1.36107183
1.33047199
1.54325581
1.67813885
1.49402046
1.37985337
1.41003942
1.46445405
1.62962127
1.49921417
1.46856093
1.36301672
1.45386529
1.44640267
1.50673676
1.46854997
1.42083359
1.51141632
1.61392736
1.39582658
1.66155422
1.70530820
1.39094365
1.50089192
1.62319279
1.45775926
1.50801647
1.49280596
1.44856191
1.47140622
1.45347190
1.37204552
1.47066975
1.42656446
1.60128462
1.43220389
1.53181648
1.48125172
1.51592195
1.44596124
1.60153520
1.44817948
1.42319107
1.50358510
1.58134401
1.57092881
1.50647402
1.44976103
1.49718356
1.56859207
1.44694722
1.62992966
1.44881141
1.41341591
1.52928472
1.68353510
1.61083269
1.66587472
1.24215138
1.40898752
1.42879450
1.32366097
1.46161377
1.41123199
1.48858547
1.55141330
1.64388871
1.55619693
1.44383359
1.52125978
1.52680492
1.50772178
1.43120050
1.45074308
1.36291182
1.36780214
1.46535730
1.50953174
1.58107841
1.44342577
1.47424507
1.36260855
1.45842147
1.42565715
1.43655181
1.43026924
1.62746811
1.41756368
1.54298377
1.40596008
1.61711085
1.53161573
1.40017331
1.47358894
1.55141783
1.37016177
1.55926013
1.55134451
1.44111896
1.35088444
1.47212195
1.62638581
1.51079953
1.37496364
1.35992754
1.28178978
1.25902402
1.59877133
1.51138330
1.35361600
1.43809140
1.53008652
1.50450432
1.45053554
1.41845441
1.55457139
1.52402878
1.41828203
1.42679763
1.54570818
1.33708572
1.43139946
1.43714869
1.44892275
1.44957209
1.34336948
1.33081913
1.44474435
1.56181622
1.42275214
1.48315442
1.48567891
1.37625647
1.45739102
1.29492855
1.48686481
1.36056399
1.50069988
1.41452181
1.33647156
1.38509297
1.48852789
1.43826866
1.45132422
1.49542010
1.50599504
1.43579245
1.51248813
1.39161134
1.46332157
1.53256226
1.54537582
1.52225733
1.42339849
1.40718031
1.55577803
1.60329151
1.33126044
1.56547427
1.36553574
1.46399260
1.72214270
1.46603346
1.35574198
1.38261056
1.40727544
1.42036843
1.34903026
1.47820675
1.46376455
1.37108362
1.45566320
1.46182835
1.44125366
1.43079412
1.31582236
1.36307061
1.45812309
1.40139556
1.25618827
1.30198586
1.38216257
1.35854435
1.50935102
1.52188540
1.29044557
1.39422345
1.35248685
1.34810770
1.40898037
1.55337250
1.33202112
1.32841086
1.41691875
1.39633882
1.37050152
1.36866474
1.34689546
1.48051655
1.41394067
1.46269715
1.48556316
1.47131681
1.36550713
1.26010811
1.40636492
1.42304170
1.49769020
1.35325241
1.39824712
1.48859882
1.33901441
1.40712750
1.47784555
1.35665333
1.29096508
1.37819290
1.29068851
1.31669664
1.52627921
1.33370161
1.47721028
1.40605378
1.36766744
1.26932764
1.62758207
1.48309553
1.41406775
1.23057640
1.41225648
1.35943842
1.40221477
1.41434038
1.50587678
1.35245872
1.51974630
1.40036869
1.35670614
1.39040661
1.34979367
1.29193926
1.34651732
1.28707838
1.48251891
1.40345550
1.27770889
1.37124562
1.50476861
1.39953864
1.20456886
1.41101575
1.32124126
1.45493579
1.45102036
1.30986631
1.27105677
1.35227489
1.21742427
1.28938711
1.23732424
1.36997843
1.36607599
1.46904206
1.28339291
1.39729953
1.22988904
1.38616443
1.40540242
1.53006136
1.27757955
1.23053026
1.44043970
1.29306173
1.33317089
1.40915895
1.38180208
1.25010824
1.48103166
1.34461987
1.17723894
1.50457311
1.36767185
1.37390351
1.29359329
1.25869620
1.61498523
1.46634889
1.44184875
1.47857833
1.30212390
1.41033041
1.33818662
1.35625935
1.42584562
1.26246440
1.39285660
1.34013915
1.18387842
1.36305332
1.42644167
1.36811113
1.29741311
1.40996408
1.41686940
1.25708175
1.29729128
1.23798656
1.45640481
1.24456930
1.32725775
1.24539137
1.38656425
1.21330082
1.19150639
1.30983162
1.38074493
1.29935265
1.34979975
1.36682582
1.31292868
1.39726448
1.17046499
1.29985738
1.33667600
1.27462006
1.37628508
1.32323575
1.27602780
1.50396347
1.38120246
1.52003717
1.34109759
1.43028593
1.44254780
1.39414036
1.38571465
1.13175964
1.38996243
1.40828001
1.29775643
1.48258018
1.32346082
1.43873084
1.23811126
1.57405806
1.38829684
1.21235847
1.38715792
1.35961747
1.42153728
1.43915558
1.26861191
1.49912143
1.52433848
1.40246272
1.36254907
1.53335285
1.45642400
1.22555196
1.18604422
1.48806572
1.32545567
1.33444929
1.61630058
1.29184556
1.36720634
1.21921933
1.37087405
1.35064578
1.48632312
1.38617635
1.41227722
1.31034577
1.34131598
1.42225182
1.29945803
1.32736695
1.28677285
1.31953382
1.13057220
1.18461037
1.37513256
1.52613521
1.11773992
1.12921226
1.21193087
1.30900097
1.32396865
1.31217718
1.28863859
1.31435394
1.26890218
1.33987427
1.35071480
1.27022767
1.22921062
1.20836711
1.25170779
1.27412534
1.25647104
1.27329969
1.32209480
1.43152499
1.11469579
1.28349400
1.31294274
1.24334717
1.31534374
1.17466402
1.25052524
1.46746850
1.21957338
1.27017033
1.37481642
1.19613373
1.29890001
1.49240541
1.32709813
1.17522144
1.24595070
1.17208052
1.36903024
1.27635849
1.33869731
1.32464480
1.31827569
1.31018901
1.22605944
1.19654214
1.08117318
1.41765189
1.31058514
1.22489595
1.35013533
1.35845399
1.27704477
1.31493115
1.45724642
1.41639185
1.28407180
1.20612848
1.19202685
1.27448320
1.16023636
1.24414647
1.31806374
1.22485602
1.27760267
1.23296118
1.28497672
1.37759066
1.38236141
1.42231858
1.35820782
1.30810785
1.26350522
1.36174476
1.28035903
1.22764635
1.46879745
1.39284682
1.41244566
1.39701045
1.32976484
1.30826926
1.39987326
1.26625466
1.26901102
1.28119016
1.45474958
1.37589645
1.44209456
1.31072021
1.34382725
1.32898641
1.27051473
1.23141623
1.41353035
1.13832998
1.49384665
1.39088857
1.10075176
1.22159100
1.24314833
1.24113834
1.35003126
1.38276100
1.23821735
1.27275991
1.51878071
1.23755550
1.15234172
1.35815239
1.33373547
1.14770448
1.35763168
1.18010616
1.18554521
1.29312396
1.41703796
1.62087429
1.21889210
1.23975348
1.29335093
1.32353079
1.39862037
1.23464310
1.41552114
1.45257568
1.30330503
1.21360946
1.14019406
1.36674869
1.47920978
1.32810926
1.29973686
1.34582865
1.32512724
1.23648894
1.48904324
1.34780180
1.44967198
1.34322858
1.39064837
1.53483927
1.14231122
1.25842130
1.34008467
1.34541976
1.23022604
1.23187828
1.47604561
1.31879151
1.32637334
1.28197134
1.10371506
1.40705633
1.29422736
1.33054340
1.34747529
1.28609598
1.36550736
1.25823903
1.17679596
1.28663230
1.17812192
1.33776426
1.16539133
1.23216414
1.34386587
1.21572483
1.26472044
1.39415324
1.28396726
1.17805147
1.17591572
1.18569422
1.10752666
1.20627439
1.34432638
1.29317749
1.26937544
1.16782725
1.09281874
1.19338381
1.18714035
1.32371581
0.94900405
1.24616885
1.33382726
1.40049767
1.30144823
1.33498240
1.32283401
1.32383657
1.26255155
1.13212323
1.15910828
1.34668922
1.20319915
1.24625182
1.32878900
1.31471598
1.15771008
1.31951642
1.17469382
1.19345164
1.24574232
1.15161633
1.16676307
1.01659620
1.38050580
1.29846025
1.22340822
1.19700527
1.20548677
1.35158682
1.34321165
1.13471341
1.16020989
1.09131312
1.05985129
1.14619374
1.30560815
1.24232697
1.17484486
1.16994596
1.24108553
1.38167858
1.23019958
1.27329159
1.27128530
1.16801560
1.35510969
1.34302139
1.22488236
1.23337007
1.14003968
1.22972810
1.14013791
1.22335482
1.26598096
1.15771198
1.30048418
1.19156551
1.26509190
1.13465309
1.31146622
1.17671359
1.33283329
1.24084318
1.14483666
1.22267878
1.16288948
1.18528926
1.04894888
1.23300564
1.32722449
1.19022453
1.24224389
1.21188462
1.19373250
1.23066711
1.27736282
1.22263730
1.24344134
1.12275338
1.33985651
1.19237661
1.40131068
1.25838137
1.62809968
1.34388626
1.23362589
1.26170504
1.36614132
1.21449399
1.27463174
1.31454730
1.22446966
1.20225906
1.30486751
1.17845452
1.28341889
1.27670205
1.13654184
1.14068031
1.06631541
1.35234797
1.23110402
1.49450731
1.26685464
1.22612977
1.32878280
1.39257407
1.15810084
1.31683385
1.30958676
1.27162731
1.33010125
1.16912186
1.25750685
1.18368340
1.10745144
1.44676161
1.12401867
1.15911782
1.25768411
1.14335072
1.49979937
1.22414851
1.07438505
1.36755979
1.20668232
1.20796871
1.16936374
1.13521671
1.22982574
1.02613306
1.18244958
1.44168067
1.19824302
1.30249441
1.18926525
1.16095948
1.20886660
1.27242470
1.29993522
1.27779675
1.19859743
1.19703150
1.14098001
1.19235659
1.00341785
1.31404173
1.19607997
1.20837998
1.25210452
1.19855988
1.08189011
1.10926437
1.21946573
1.16030324
1.10286224
1.22115016
1.23876119
1.14519787
1.02017069
1.10600483
1.14285564
1.24835038
1.24404621
1.15782058
1.04512382
1.08771884
1.14595556
1.21127486
1.12644172
1.18873286
1.13810492
1.28355253
1.18810725
1.22308493
1.29618573
1.02656889
1.30258691
1.16012979
1.21464646
1.23548794
1.21701348
1.22003031
1.19026959
1.05969954
1.15936875
1.31487525
1.14036441
1.07538056
1.28350770
1.31989408
1.23529315
1.14562798
1.15542209
1.14388192
1.12744331
1.22446895
1.12547421
1.15832758
1.17305005
1.22981358
1.10434473
1.00929451
1.03886473
1.02968812
1.37512493
1.17494965
0.97393399
1.10407412
1.06833148
1.22885847
1.14944649
1.23748279
1.10938919
1.11829734
1.27288735
1.18469346
1.39505720
1.26245213
1.15599549
1.29590118
1.14152098
1.11867905
1.24023962
1.07762992
1.23862958
1.16698313
1.11466360
1.18898916
1.24010623
1.07226408
1.06099987
0.99811864
1.34219086
1.15471864
1.22473907
1.18742943
1.13789761
1.06921840
1.25739598
1.06838191
1.21552539
1.08810675
1.06282783
1.06610370
1.15299869
0.96047819
1.06184316
1.10376012
1.19680119
1.13180411
1.10782051
1.09063530
1.30029690
1.21982217
1.07002807
1.10730219
1.06430221
1.17468667
1.39826059
1.16627204
1.06522918
1.05953360
1.39992106
1.19778204
0.97696233
1.04864955
1.20637357
1.18073714
1.12661982
1.14223742
1.21220851
1.14620948
1.22829294
1.05685389
1.30911088
1.23665500
1.13313270
1.08126414
1.14338660
1.12465525
1.26299393
1.16855669
1.24867809
1.19832742
1.12927413
1.34204423
1.03637469
1.14239550
1.19889331
1.13866341
1.20675588
1.21634912
1.15511036
1.04490495
1.17352939
1.12044191
0.96062875
1.19054103
1.05314171
0.99911892
1.14357674
1.25770807
1.01314127
1.21902490
1.17379379
1.04569077
1.15275276
1.30611396
1.18520331
1.28550768
1.04748178
1.20545363
1.07432151
1.01627433
0.83302504
1.11906636
1.21200264
1.13654709
1.12633955
1.14866829
1.06951082
1.34536862
1.20048451
1.05644679
1.13368678
1.09168482
1.14929986
1.16515017
1.12754774
1.11361790
1.19511282
1.22616029
1.26741183
1.21454859
1.26061153
1.36767900
1.22245336
1.24035549
1.20854616
1.17270446
1.09534979
1.42663598
1.28220034
1.35523844
1.21933615
1.28318429
1.03431451
1.24397588
1.27191639
1.00435770
1.34009099
1.15132594
1.19697309
1.19969404
1.31947517
1.08471084
1.02412474
1.08553696
1.35775733
1.35474432
1.09934855
1.18376088
1.38900948
0.99052721
0.96576458
1.22352421
0.88378990
1.15920532
1.20892096
1.15264523
1.11605585
1.12058139
0.86548376
1.25137651
1.12452734
1.03531432
1.11077547
1.23863935
1.15161633
1.21330881
1.00295889
1.25380862
1.06373811
1.13099587
1.13434148
0.95823687
1.17589903
1.02207565
1.26482582
1.10338807
1.13658309
1.23283410
1.03093302
1.12242615
1.00058079
1.15673554
1.05055010
1.00019205
1.15149164
1.22213340
1.07197189
1.21311963
0.91113460
1.08536303
0.97348768
1.14918518
1.13899684
1.13324142
1.30535793
1.45280731
1.15898538
1.11743939
1.17300642
0.98257148
1.11465859
1.13743269
1.12240565
1.19863749
1.07380772
1.13528371
1.12840247
1.13712335
1.19464469
1.21432519
1.02133989
1.21396530
1.07864869
1.17388749
0.87293160
1.07037866
0.96094084
1.12139320
1.14307380
1.08884442
1.11020684
1.22322321
1.25099242
1.19019604
0.98855788
1.29789472
1.10463417
1.02556145
1.09234750
1.32253098
1.20094156
1.31788623
1.14874959
1.16818976
1.20004296
1.22819293
1.02793300
1.04155612
1.05195737
1.13601685
1.17949176
1.10663438
1.18441486
0.98427916
1.09572506
1.06922925
1.04351437
0.95759034
1.30806065
0.99291062
1.20704937
1.18255222
1.08087635
0.90092409
1.09427524
1.21453238
1.08873749
1.01879883
1.11307740
1.13768816
1.05423403
0.88163424
0.92640048
1.26041901
1.16092789
1.10160351
1.05329120
1.08913231
1.26705611
1.03702402
1.28824019
1.13074207
1.13009942
1.07611525
1.13347077
1.17600012
1.08421123
1.24448323
1.06214809
0.99828494
1.01690340
0.99592674
1.09161305
1.11232877
1.14052081
1.29542649
1.13746929
1.09239447
1.02803409
1.21113348
0.98361373
1.03801680
1.07061243
1.02974224
1.20636702
1.14126444
0.94828588
0.98996812
1.12818336
1.09387338
1.23958170
1.12348759
1.28906226
1.25950074
1.14613295
1.10959888
1.18655086
1.16454136
1.26522124
1.00547409
1.15485704
1.12324929
1.07663846
1.09829795
1.19379616
1.25445485
1.29587173
1.00249624
1.23930573
1.22655380
1.26922655
1.07057405
1.20841098
1.27019739
1.22181487
1.04713976
1.16700542
1.16513646
1.24270868
1.10214090
1.06856728
1.10416174
1.14025402
1.21028364
1.18135810
1.16276097
1.25551486
1.11500144
0.89440989
1.09488893
0.79791880
1.23173642
1.08813119
1.08447552
1.02755976
0.91561574
1.18986773
0.96732998
1.31603527
1.04089475
1.09723639
1.09664464
1.07046652
1.22446346
1.10435963
1.10556793
1.07809448
1.02789748
1.01237965
1.08801508
1.22259140
1.25079739
1.00049162
1.06888783
1.10598707
0.97963589
1.08179176
1.14612508
1.07057238
1.24708545
1.01683927
1.32137918
1.05694330
1.22640705
1.14928913
1.05683768
1.06757236
0.98900545
0.90956044
1.20504713
1.26668906
1.02772045
1.12941170
1.01204872
0.91647714
0.99583727
0.98674899
1.11147714
0.97600991
0.88888478
1.03376555
1.05980515
1.06583810
1.04815030
1.17269516
0.85780680
1.17516971
1.01242840
1.15348005
1.03245091
1.19395745
0.81361890
1.11400902
1.07894766
1.02695704
1.07322800
0.98429888
1.01593029
1.04631519
1.08111310
0.79160815
1.16980410
1.26853919
1.09460711
1.07981753
1.00734174
1.04746604
0.96616775
1.28393018
1.00261569
1.01195145
1.01945269
0.97813392
1.06167579
1.15973067
1.05428195
0.97451913
1.11588693
0.97610134
1.08360291
1.06025243
1.15408635
1.11603808
1.10648704
0.99531841
1.17378390
1.09794509
0.95325291
1.13784575
0.95213521
1.00306773
0.94617629
1.38303494
1.16000915
1.24577773
1.15831828
1.04001212
1.05543792
1.14085579
1.27352393
0.97969431
1.05614078
1.15275574
1.04777133
1.13528085
1.07175684
1.22627449
0.93919837
1.31656170
1.28330243
0.99211299
1.29507113
1.14638400
1.15210366
0.95641100
0.99376345
1.08352685
1.05354381
1.08033633
1.08051026
1.07918477
1.17082155
1.10147905
0.97442365
1.21071219
1.16329360
0.96644336
1.14448047
1.19717383
1.18596029
1.11960411
0.98950315
1.21623874
1.01197636
0.87843770
1.11543941
1.00000334
1.03823113
1.25670886
0.91275370
1.32330728
1.11809349
1.15512586
1.05051017
1.21030068
1.17429817
1.16034412
1.05096269
0.93249768
1.15525329
1.07505584
1.20809257
1.14127254
1.09511852
1.21341550
1.11539435
1.05399799
1.20579255
1.14224017
1.08634543
1.29995632
1.06416941
0.98022819
1.11164761
0.88764048
1.05399334
1.04475784
1.01025176
0.81195974
1.13457072
1.14899397
0.91975236
0.96351987
1.11418962
1.24027896
1.05444586
1.05580139
0.81897640
1.03325057
0.98247826
1.06431055
0.95849293
1.17599106
1.31838799
0.95938706
0.95102793
1.03241384
1.04864919
1.10782635
1.07682264
0.97071320
1.11412621
1.02870297
0.97609693
1.20189452
1.08909714
1.01346946
0.91534764
1.08256364
0.98808765
1.06757903
1.25763202
0.96090269
1.02068639
0.96274930
1.22205460
0.99214208
1.31844831
1.05676591
0.90204442
1.15216339
1.13403857
1.04530132
0.96327764
1.13563180
1.04749107
1.09260476
0.96081924
1.00709248
1.02991724
1.07111287
1.20022559
0.98605824
1.03159750
0.99540520
1.17975950
1.19537413
1.01015067
0.98558426
0.93905121
1.00453532
0.94429225
1.24780154
1.15064681
0.92446756
1.01614976
0.98686814
0.95320708
1.05769587
1.12318254
1.13774741
0.98995030
0.98032212
1.09084940
0.98502082
0.95916706
1.21955419
1.04437673
0.99229211
1.04924250
1.00723398
1.05249035
0.99311429
0.98804080
1.04042661
0.97186935
1.02944565
0.94596332
1.05659568
0.95710021
0.93954277
1.12705207
0.89902860
0.94664770
0.98855489
0.99946135
0.99521089
1.12264454
1.00573158
0.91604835
1.09426212
1.13768673
0.96761030
1.13656425
0.90941834
1.13372386
1.18091667
1.02629399
0.96160829
0.93451881
1.02433217
1.00951016
0.99135911
0.91499281
1.18623495
1.01759553
1.16087484
1.33892870
1.18662179
1.07675457
0.98293531
1.12050140
0.98101115
0.93966031
1.09671187
1.16382003
1.19247282
1.12295556
1.01674724
1.00258899
1.20939302
1.10426831
1.04952431
1.02044582
1.12353444
1.07402527
1.19242752
1.19201469
0.94089347
0.98711085
1.01464033
1.08540392
1.01520574
1.08924675
1.14216852
0.99130630
1.13898087
1.00748658
1.02659917
0.96999782
1.16201138
0.87627381
0.81003284
0.94316918
1.13166738
0.99096739
1.12021673
0.91055667
1.11357951
1.08464468
1.10514927
1.07589495
0.93809736
1.11597371
0.84266317
1.09981894
1.01377821
1.03597772
1.14468324
1.13439059
1.01170361
1.15768945
0.99174064
1.07767940
0.92903423
0.92981648
0.88028693
1.14734411
0.92334938
1.03563702
1.08206010
1.18917990
0.90660489
1.18963075
1.02388000
0.95598257
1.25043023
1.22559023
1.09969199
0.92234272
1.03631437
1.25370944
0.96768999
1.06401801
1.13574290
1.09796512
1.10957134
1.12777138
0.97755551
0.96919817
1.18631494
1.10782206
1.13591230
1.04846394
0.93919164
1.09270859
1.04689121
0.97894180
1.02393937
1.07875729
1.09679699
1.14586067
0.85764802
1.04355049
1.08600569
0.97976494
1.05650687
1.08877575
0.96517122
1.00380003
0.91188204
0.98522711
1.04355955
1.12108827
1.22754836
1.15949500
0.99151075
1.07783413
1.01384735
1.24700797
1.04298258
1.02835965
1.03308856
0.90843141
1.12071526
0.94649506
1.11967480
1.05558610
1.01410162
1.09894335
1.15794420
1.02235603
1.00457275
1.06619263
0.98447990
1.14522886
0.90534496
0.98515916
1.20564258
0.98173785
0.86163700
0.97841513
1.13790202
1.20891452
1.12112236
1.13372529
0.91223425
0.98757482
1.06768322
1.20452511
1.20054305
0.97177100
0.99630940
1.04099059
1.16264439
0.97142142
0.90405273
0.99924856
1.03374588
1.06270051
1.14448619
1.01372981
1.14843750
0.94715726
1.01932883
1.06894100
1.01159668
0.99344385
1.08168411
1.03670752
0.98984569
0.95136869
0.97335315
0.99357474
0.94342464
0.91158897
0.93800288
0.92295837
1.27506590
0.91551679
0.85974658
1.00307226
1.07496524
0.86339617
0.96694720
0.89165980
0.96562892
0.91727257
1.17571652
1.07311869
0.88091886
1.09383690
1.09226882
0.94201648
0.96879321
1.16943765
1.09451652
0.88578612
0.94766891
1.07779002
1.02080691
0.83790600
1.14402723
0.93382466
0.89196062
0.97349358
1.06181145
0.98641819
0.94620490
1.09290171
1.30117893
0.83565849
0.86008525
0.95927310
1.15218711
1.22394526
1.12950385
0.89670533
1.24541783
1.15916967
1.09006453
1.10882473
1.06741190
0.96210939
1.05779147
1.05415702
1.16824746
1.10441625
1.07573843
1.13342333
0.90734756
0.89674509
1.03803778
1.11131239
1.02989852
0.87143278
0.96689129
1.01963401
1.00409102
1.09402418
1.03020000
1.10778058
0.99998587
0.96409726
1.15982127
1.08181167
0.99788517
1.00559521
0.94876337
0.90430820
0.95570570
1.02459455
0.87509751
0.93670225
1.13074791
1.09802473
0.85200936
1.03341484
0.95521188
0.96270806
1.05488563
0.98988587
0.80447632
0.89442629
0.92458153
0.94397712
0.96809804
1.00266850
0.99456215
1.08742380
0.98955250
0.95939672
0.87158549
0.96842349
0.85018343
1.01750469
0.85970801
0.91987348
0.85435718
1.03414583
1.08102214
1.01813269
1.13337588
0.93353772
1.06446671
1.02028966
1.03712702
1.04144835
1.13246644
1.04973388
1.36517835
0.97135842
1.06390643
1.20607746
1.22319651
1.20050073
1.09272742
0.91189229
1.08989298
0.99128437
0.96770090
1.05435109
1.03112316
0.88675857
0.99335325
1.01393342
0.95227438
0.98396456
1.16577482
0.77125865
0.93336117
1.11921585
0.82589042
0.95966500
1.06029391
0.84045243
1.00673294
0.78727090
0.86674893
0.93723881
0.99908066
0.98142862
1.00899267
1.04638457
0.84055066
1.14403534
0.94709927
0.88567650
1.04206717
1.01923752
1.03029394
1.00349784
0.74851203
1.19326043
1.03005600
1.05128968
0.99739569
0.76743579
1.02646112
1.24017167
1.01087427
1.08380318
0.97491390
0.98844194
1.30415905
0.95084172
0.99365842
0.99686337
0.98181391
0.86775166
0.92926574
1.14983165
1.02569258
1.05928981
1.06123841
0.98369384
0.99919450
0.79143482
0.81831038
0.99944758
0.93728566
0.78252721
0.96917593
0.85755855
0.90643376
1.03057516
1.07541203
1.00569165
0.86130553
1.05300212
0.83416903
0.99016500
1.12869585
0.92212069
1.09712768
0.96042246
0.94969022
1.15518522
0.88855344
0.96312910
1.04222417
0.81786144
0.99364209
1.01149893
1.11922157
0.93823946
1.28004229
0.91611838
1.08098996
1.11663306
0.82899463
1.07027650
1.14626789
1.23785520
1.09996891
0.96623492
1.11146140
0.97949934
1.16315341
1.08379042
1.09412313
0.83998668
0.90561283
1.01464164
0.96084708
0.74496287
0.87068272
0.92326373
0.86752248
1.14112353
0.93121147
1.00817955
0.99750316
1.05551517
1.02694333
0.97410917
1.00207603
1.02513230
0.96849322
1.02821529
0.95488811
0.98485518
0.88932544
1.03742886
0.93616772
1.02344441
0.97487491
1.05057955
0.95129949
0.76754534
0.76296127
0.90340161
1.27328157
0.93098879
1.01869893
0.97101784
1.00191629
0.94152182
0.91897386
0.96830225
1.00804293
1.09172380
0.92503142
0.91092616
0.88160992
0.89168656
1.08895731
1.00063634
0.81289196
0.94430447
0.92503178
1.01267886
0.79548812
0.85959673
0.96908951
0.91101766
1.11094117
0.92005920
0.89478213
1.17761135
0.86799103
0.94382071
1.06367469
1.09804106
1.10155094
1.10824990
1.07025874
1.05044556
1.09466004
1.00893354
0.91587913
1.15493655
0.99718100
0.94499040
1.11424363
0.98377287
0.94658172
1.07469940
0.90074563
1.10047460
0.90172720
0.95493054
0.84012949
0.95047808
0.89439511
0.92141360
0.97533655
1.07571149
0.97282481
0.96407151
0.90160662
0.98282689
1.03467131
0.98365015
0.97575986
1.02913296
0.99142230
0.95157868
0.89144897
1.03340960
0.68340415
0.92979515
1.02521515
0.93117857
1.00747204
0.90853161
0.79328567
0.80528390
0.94942760
0.88676274
0.91276157
0.97265995
0.95919478
0.74385798
0.83320189
0.91105247
0.81083238
1.05582118
1.00401962
1.05614352
0.95210946
0.86881340
0.94960678
0.94320667
1.02887464
0.84032428
0.85051721
1.01867127
0.99585307
1.17180860
0.99649686
0.91237879
0.80946231
1.07608056
0.87230754
1.03889394
0.83681542
1.11148190
1.01272416
0.96326625
0.86896139
1.05296242
1.07730317
0.91688132
0.74742067
1.08046091
1.08366382
0.93061340
1.16215038
1.09352946
0.83499086
0.91049790
0.84283376
0.80235547
1.04065526
0.77166021
0.81693006
0.86807555
1.16921616
0.96205163
1.00527573
1.05843973
0.93604338
0.93709356
1.07157075
1.05545270
1.08759391
0.79775250
0.94652891
1.08560514
1.14749372
0.92336106
0.96409404
0.94134879
0.83620679
0.99951977
0.96829367
0.96337402
1.12901950
1.03534341
0.86897504
0.89565802
0.92208141
0.84545457
1.06714213
0.86954743
1.10500479
1.09905970
0.73610115
1.02970707
0.89581060
1.05790019
1.03934646
1.07645869
0.96597761
1.05646670
1.13332534
0.87605226
0.89606106
1.00197935
1.11910403
1.23073053
0.90189928
1.01019883
1.21097183
1.01808715
0.87008464
0.85549760
1.12847686
1.04640245
0.76058853
1.00004768
0.92130876
0.90067875
0.94808978
1.00196171
0.81368798
0.93975645
0.87229705
0.81984782
0.88673949
0.87437671
0.82178396
0.86434877
0.91306674
0.95789170
0.90153885
0.78127575
0.98690534
1.01956248
0.98998189
0.94871974
0.85100543
0.75679278
0.91522717
0.85339475
1.05884624
0.90892488
1.00781453
0.86732781
1.00841784
0.69655859
1.08226252
1.10627222
0.99382031
0.84307420
0.89774525
1.00516045
1.03005505
0.77364814
1.06954670
1.04782319
0.94037563
0.80274439
0.80133903
0.95033097
0.89649606
0.89217764
0.95490479
0.75375062
1.02850342
0.94263393
0.86982763
1.04394245
0.95795286
1.03274429
0.87261099
0.86933392
0.85220718
0.88442522
0.85914779
0.89635009
0.91347206
0.93915790
0.86270982
1.07081914
1.03101683
0.95435172
0.85251570
1.04253745
0.85957062
0.93032432
0.78044140
1.13030195
0.76990795
1.09666228
1.05287170
1.13106894
0.96207160
1.01574922
1.04566228
0.98150337
0.89895213
0.98457432
0.80334902
0.89308745
0.97252512
0.94796354
0.88206792
0.91556829
0.83188558
0.82166851
0.94268906
1.01849520
0.90336430
1.06878757
1.04335880
1.00861168
0.95903385
0.91615981
0.95025319
0.93822670
0.97857749
0.73429561
1.01452565
1.03989720
0.87703574
1.08856916
1.01314449
0.91947913
0.90428615
0.78241062
0.89612550
0.92767107
0.74396217
0.83099020
0.86269093
0.94499344
0.90109539
0.88102520
0.93053931
1.06769562
0.87428927
0.92356646
0.92078853
1.06508768
0.87552339
0.93250656
0.79587817
0.73575258
0.83166933
0.80246490
1.12515175
0.99897110
0.88484848
0.99890584
0.81433809
0.82553995
0.99467367
0.87896729
0.93175757
1.07666588
0.98867136
0.80233240
0.98539317
0.96329534
0.84486711
1.11537218
1.10033560
0.91228044
0.91092503
0.99191344
0.77803981
0.96040595
1.02090573
1.03540921
1.06631887
0.92759383
0.88058501
0.91756701
1.01892745
0.81119972
0.76220417
0.93616021
1.11166382
0.84993613
0.93427336
0.95661426
1.03537726
0.98717588
1.10520148
0.99624884
0.93876576
0.90131497
0.87905163
0.99442428
0.94162065
0.95363557
0.92611563
0.77725977
0.93288660
0.90460587
1.03718209
0.90908796
0.99710238
0.86403155
0.88335848
0.87935960
1.12390935
0.94875729
0.83726072
1.00117660
0.81264412
0.87385595
1.08232605
1.06821060
1.13345313
0.95744175
0.90528792
0.83513701
0.86109871
0.98329151
0.83501941
1.03788102
1.14516890
0.95346940
0.91599816
0.95168400
0.96671283
0.76463377
0.94546318
1.00118566
0.87382269
1.04057980
1.22451258
0.89212787
1.18078673
0.86161661
0.84318441
0.95602137
0.83336192
1.03500795
0.86807907
0.82520378
0.96439046
0.95120078
1.03442240
0.99861944
1.01782322
0.95304739
1.03001499
0.76264107
0.86347353
0.73636711
0.96118057
0.94356352
0.83780241
0.77062410
0.99926668
0.68413246
0.71876413
0.93306351
0.89812624
0.83237326
0.86210835
0.88658464
0.87392843
0.96681172
0.66762954
0.88857776
1.00123537
0.97233295
0.90901172
1.01875806
1.01106775
0.95523334
0.94614393
1.15066099
0.73552722
0.93147278
0.94880813
0.91109133
0.85576618
0.97214103
0.91772461
0.74478590
0.78297985
0.99436992
0.99243057
0.97020257
0.90255982
0.88823861
0.86531186
0.92330265
1.04777360
0.81723559
0.91222447
1.12648916
1.00301242
1.02490020
0.92855120
1.04337263
0.90152919
0.96240360
0.84991598
0.98513317
0.97881001
0.90597737
0.68967593
0.87851143
0.92937601
1.10700774
1.04736733
0.82817435
0.78070271
0.93595278
0.85556173
1.08624065
1.12611210
0.86439222
0.89784402
0.91778475
0.96654224
0.73259711
1.00004864
0.83755767
0.85810661
1.07831585
0.84156805
0.78142363
1.08856940
0.96425593
0.88559932
0.80880678
0.76924980
1.10403728
0.95596194
0.90672964
0.88600022
0.97109264
0.80758119
0.90981203
0.77943492
0.78810269
0.88919860
0.85755467
1.02787590
0.99518567
1.00852263
0.81311756
0.83842707
0.94247305
0.96398050
0.84591299
0.98203892
1.25779474
0.84731746
0.82597029
0.94800431
1.13006067
1.02655685
1.00459599
1.05743027
0.87916797
1.04007137
0.90965849
0.97501338
0.97304654
1.01440525
0.88635850
0.86983955
0.96469629
1.04577112
0.96247864
0.81449449
0.88597786
0.77893305
1.09959662
0.72099257
0.89814103
0.96945345
0.92426527
0.83161831
0.88698637
0.90032911
0.81876248
0.89089155
0.89878213
0.78507662
1.05071414
0.96401316
0.86621368
0.86280185
0.96445328
0.88393009
0.95455551
0.95485544
0.99962598
0.73306537
0.97628289
1.00781155
0.82113791
0.98420858
0.92237502
0.78631556
0.88096738
0.89260632
0.91000438
1.00339913
0.85283554
0.88929296
0.82693022
0.90777057
0.99431336
1.04070830
1.02017045
0.88685346
0.92617035
0.70044976
0.85360503
0.88437521
0.96479589
0.74329102
0.90644437
0.72819895
0.88272578
1.02161586
0.80208904
0.85233104
0.89667898
0.89611900
0.98672998
0.92488599
0.97116303
0.98059553
0.76754284
0.91029274
1.00816107
0.96868181
0.90922797
0.83984375
0.77517378
0.87681234
0.83572376
0.86964321
0.90095091
0.79564255
0.78915644
0.83368766
0.84946424
0.67162937
0.95595884
0.82677549
0.85813415
0.90294647
1.13540912
0.87786496
0.93768281
1.01041889
0.87863767
1.01650238
0.97076380
1.00330555
0.90910435
0.71964741
0.96935010
0.95386952
0.92292809
0.73647308
0.95496535
0.98578715
1.05612969
0.92658257
0.96228123
0.88589460
0.93260086
1.12104273
0.88818955
0.93389529
0.91323602
0.90417230
0.77996796
0.67014968
0.89613891
0.99648750
0.88666719
0.87994790
0.85622537
0.94995707
0.97630060
0.97833425
0.92619210
0.89708936
0.89579183
1.05012333
0.70429820
0.83816653
0.88994670
0.91097862
0.93181926
0.82842469
0.91675425
0.95416212
0.82270151
0.71880966
1.18377829
0.89568657
0.86959398
0.77992088
0.93864608
0.69218743
1.13536417
0.85874224
0.87209404
0.76283199
0.75512266
0.86655802
0.87981951
0.91635269
0.79042250
0.96102667
1.02303565
0.95434952
0.86332917
0.96225047
0.92395973
0.60781091
0.86835885
0.80972517
0.93754578
0.82298422
0.85051596
0.89403754
0.82997149
1.00244403
0.96643883
0.90333480
0.94528246
0.77830929
0.67749733
0.79946864
0.98987854
0.75139982
0.84042776
0.91737485
0.91051006
0.90768611
0.81779295
0.99455869
0.96702600
0.88987827
0.82386297
0.81494558
0.86625254
0.84100175
0.80836082
0.72007310
0.88431317
0.92595083
0.87895364
0.86222839
1.02312338
1.03748834
0.80198359
0.93686295
0.76918912
0.85760373
0.84146380
0.94732302
1.22126126
0.91832471
0.78413498
1.01543021
0.89281154
1.08886611
0.99127167
0.86505628
0.93378973
1.01198912
0.97712648
0.72438908
0.90155977
1.03053105
0.93949389
1.04112661
0.75335562
0.81988096
1.02887428
0.93072623
0.96850002
0.77862418
0.99787259
1.01389468
0.90855467
0.81598783
0.94101310
0.78567666
0.93166602
0.89958799
0.95314384
0.89077973
1.01940453
0.84335220
0.87953758
0.86069763
0.76358867
0.83503342
0.96585703
0.85079515
0.94134933
0.77900463
0.99046671
0.92271531
0.78389263
0.87143052
0.78410596
1.05565715
0.95968521
0.96932113
1.05490589
0.94081485
0.94130462
0.84410763
0.89504421
0.85501587
0.92017138
0.75627661
0.84590018
0.80273604
0.87902439
0.63992417
0.90150309
0.79706252
0.96903646
0.87161750
0.88006175
0.73648959
0.69367290
0.85196847
0.98342001
0.71621048
0.90958196
0.86305273
0.84431684
0.79697871
0.94781113
0.90089095
0.93982083
0.80495548
0.78385800
0.77064443
0.83432317
0.89621454
0.87756783
0.83991688
0.87552601
0.99612379
0.87412906
0.86720932
0.82866526
0.91933352
0.94784313
1.00299335
0.83394223
0.92374182
0.86366290
0.86698377
0.86130333
0.90249950
0.84903413
0.94549835
0.76295352
0.99402499
0.85806274
0.97891694
1.03865767
0.91266519
0.88041252
0.77204621
0.97537553
0.90724182
0.86265624
0.96018171
0.93681526
0.97528046
0.74711639
1.08373296
1.01069427
0.86541909
1.03383458
0.93982863
0.99822199
0.99025106
0.88108110
0.73223215
0.89064401
0.86468470
0.72478509
0.94596338
0.99231458
0.91057318
1.05862713
0.98548734
0.88993210
0.92843813
0.82482326
1.00920260
1.19645333
0.86148763
1.01447439
1.03169656
0.99065268
0.91539526
0.90019757
0.90709734
0.86015165
0.75535959
0.94491565
0.82327467
1.00855398
0.87599295
0.97732484
0.88286507
0.95619619
0.92435360
1.11676168
1.01492667
0.99581188
0.88752341
0.81380212
0.95930022
0.88699859
1.03301287
0.92982906
0.82037652
0.89268088
0.89156318
0.92417765
0.82196474
0.82394254
0.94344389
0.95769238
0.95444226
1.10821962
0.74202615
0.91850132
0.74436867
1.02149558
0.73696744
0.95623505
0.81695974
0.76893342
0.89672017
0.97555566
0.80150104
0.73203963
0.97323060
0.75607556
1.01479995
0.84544694
0.98892021
1.17537403
0.84398866
0.90773946
0.90442884
0.90623707
0.81057453
0.92377353
0.92033887
0.97040969
0.91817296
0.85179615
0.84089273
0.73769939
0.84811765
0.82053959
0.68732691
0.71022654
0.92680663
0.82213891
1.04566383
0.89045429
0.69391292
0.97158515
0.94802415
1.09986877
0.76449817
0.74702662
0.73202324
0.95991957
0.96997130
0.87325561
1.03747129
0.86416978
0.76475382
0.96684039
0.65481704
0.98306942
0.67197978
1.12017870
0.93212962
0.72950757
0.94251138
0.75348699
0.95029509
0.78501612
0.96824849
0.78625721
0.96090066
1.00272560
0.86578953
0.91355729
0.86596704
0.95643091
0.91616845
0.80433089
0.76921773
1.22138536
0.98751825
0.74505198
0.82293493
0.74237835
0.95472801
0.89249349
0.88308531
0.94780451
0.74031484
0.88054991
0.78175735
0.75954688
0.85448813
0.82819903
0.83377451
0.95788479
0.75007486
0.81314921
0.89289320
0.73207629
0.77850634
0.78301263
0.86904585
0.90714824
0.93747199
0.81608242
0.87376332
0.84737194
0.79835808
1.03043687
0.68162739
0.90596533
0.87764078
0.86072135
0.96669549
0.90929788
0.87228072
0.93053192
0.93630266
1.00786328
0.95799410
0.75627077
0.88753116
0.77803677
0.76424086
0.76179326
0.81992084
0.97703838
0.82764637
0.79107624
0.86902589
0.72856915
0.68329358
0.92970341
0.93194878
0.71308410
0.87236297
0.83502978
0.82231462
0.77078658
0.94251323
0.85800147
0.69693762
0.98274827
0.84894907
0.71959645
0.82870269
1.02400947
0.74288315
0.99115437
0.82208526
1.03200710
1.01680839
0.84270358
0.77646345
0.85474014
1.04272723
0.80033410
0.86071229
0.65398967
0.84272909
0.78093815
0.65508175
0.92079651
0.82182205
0.87981158
0.90415978
1.01835442
0.92920011
0.93306971
0.80886137
0.74178946
0.76417255
0.82516378
0.87665558
0.80706728
0.72212183
0.76237452
0.77243447
0.94737554
0.85189891
0.89656401
0.79439676
0.77918231
0.64945662
0.76994681
1.09403706
0.84927475
0.87049907
0.68542194
0.67693448
0.64609742
0.80873966
0.78850478
1.09131324
0.83210593
0.86898500
0.90815115
0.85575718
0.78414947
0.94951427
0.86406887
0.65389842
0.93799514
0.85020411
0.98482561
0.80170643
0.84852779
0.88331974
0.82614022
0.85779530
1.10004830
1.05853450
0.71926975
0.89141148
0.71925187
1.02803326
1.03588617
0.95877486
0.95700592
0.87253761
0.90159446
0.84500015
0.85276634
0.81552875
0.93201077
1.03983974
0.85171962
0.98421037
0.89793193
0.82919014
0.93437487
0.79232383
0.77414906
0.87038255
0.83758825
0.98421931
0.82861036
0.74079770
0.83491635
0.97594357
0.80654585
0.90510654
0.94015056
0.89820588
0.87003183
0.92525184
0.88479692
0.83144176
0.82532859
0.82092458
0.82616282
0.82490170
0.85501087
1.07029533
0.98930466
0.81479871
0.93438625
0.84030902
0.77661598
0.67846024
0.86412036
0.84516931
0.76519752
0.86471868
0.96034724
0.92183709
1.14645469
0.75964236
0.94580150
0.69747603
0.86452621
0.82762063
0.82396901
0.83009267
0.94404924
0.86805487
0.79143679
0.81139076
0.79664874
0.89859772
0.95335352
0.76755583
0.94656283
1.01295125
1.02463233
0.76831031
0.89732426
0.80812347
0.99772805
0.83365971
0.81212962
0.82213867
0.62882918
0.73049319
0.94126904
0.74002218
0.96924937
0.95499861
0.92224157
0.71486402
0.72068942
0.82423306
0.72716010
0.84460920
0.87625092
0.83848381
0.86298335
0.79741359
0.86028159
0.82217550
0.80810803
0.86557531
0.90021503
0.74735183
1.04827023
0.89061081
1.04217935
0.81918776
1.07791054
1.12057781
0.76964903
0.74142653
0.97604668
0.89803600
0.88570547
1.00964260
0.92434788
0.85584325
0.83045983
0.78843486
0.84058201
0.82560605
0.83008420
0.85310137
0.90952945
0.78504181
1.02805877
1.03745961
0.94055063
0.79653168
1.06201994
0.73646218
0.88246584
0.86811876
0.88853192
0.78151143
0.73021424
0.89418805
0.78991759
0.94727689
0.68352121
0.93499374
0.85116446
0.84025568
0.83296287
0.76719928
0.92741823
0.85046244
0.77274847
0.77014989
0.71825147
0.86508268
0.82585120
0.90237027
0.94656217
0.73564929
0.78629947
0.79917616
0.86050910
0.67522353
0.78417242
0.87666333
0.81494391
0.78164423
0.77376002
0.85170674
0.68377870
0.77660084
0.86351347
0.82809389
0.72793555
0.68120551
0.73307538
0.88414907
0.73554826
0.59449530
0.73434961
0.70232296
0.82204849
0.89775342
0.71019125
0.77674717
0.72371417
0.60495466
0.79596514
0.71707910
0.74336743
0.78430468
0.75220060
0.91222024
0.89314020
0.81439853
0.99247479
0.76129472
0.88719535
0.99974012
0.80084014
0.64580429
0.98754811
1.02843022
1.06275737
0.89525151
0.84860826
0.86491156
0.91155553
0.77442378
1.07396269
0.78010190
0.79446357
0.85566992
0.90353185
1.04843330
0.89337063
0.79079413
0.75756478
0.72899622
1.03459668
0.86430824
0.78091091
0.78141761
0.89321899
0.73007727
0.85443830
0.80337429
1.00578368
0.89217705
0.77944827
0.71010590
0.91766441
0.79952419
0.78870445
0.79346693
0.82118082
0.69448781
0.75500917
0.82993144
0.78729320
0.69562256
1.04738748
0.78334093
0.99321175
0.79775405
0.84287369
0.82686567
0.86494637
0.83302498
0.91016310
0.81939888
0.72640133
0.71550316
1.07376003
0.93866205
0.72036290
0.79626882
0.69670224
0.83675736
1.00043035
0.73905635
0.94009286
0.70468569
1.02272034
0.86565113
0.87378883
0.94330233
0.81406224
0.77434814
0.79927516
0.83816057
0.93160534
0.72871387
0.93846333
0.88028723
0.72131848
0.81956327
0.86095929
0.83183092
0.77982891
0.68617195
0.75560945
0.70457387
0.94325316
0.83275843
0.73419446
0.71385878
0.72187877
1.09540367
1.09007144
1.04474699
0.88030428
1.00645912
1.00575471
0.79674459
0.91270995
0.73489821
0.77672380
0.84134030
0.93062526
0.80862963
0.92345619
0.92610747
0.84965026
0.89590603
1.10192442
0.71780103
0.93820482
0.84318686
0.91362417
0.96100330
0.77334249
0.77295601
0.80053449
0.84447050
0.81753689
0.85764158
0.62140560
0.72221357
0.84134948
0.60374278
0.88151473
0.95438886
0.63737178
0.80153048
0.78830755
1.06414986
0.85725111
0.74564791
0.92315543
0.76602459
0.77779430
0.84467793
0.70504165
0.75762057
0.72737318
0.86926490
0.82961959
0.73462230
0.73972392
0.90825361
0.74218887
0.86742085
0.71709758
0.68774688
0.75228876
0.68854517
1.04220641
0.69163942
0.85580498
0.78027320
0.76837587
0.82535815
0.94670999
0.67373079
0.90143019
0.93241060
0.84573388
0.68105578
0.77666032
0.84426403
1.01318777
0.79957265
0.68891263
0.64769089
0.77004516
0.87227529
0.78688896
0.86818701
1.06223178
0.86324781
0.96685731
0.80705070
0.90539664
0.82402635
0.91788906
0.92583191
0.95664781
0.86387479
0.80792481
0.86444378
0.79502070
0.69488072
0.72887129
0.71695328
0.90989000
0.61629242
0.94385529
1.03676808
0.82577980
1.02198696
0.78554463
0.90383530
0.82265598
0.84725821
0.69770288
0.91497487
0.69658136
0.80889249
0.81111658
0.89623678
0.83982474
0.63045567
0.92736727
0.85964948
0.73347116
0.82861948
0.87110949
0.86747861
0.84319466
0.85998976
0.85091138
0.94324005
1.03983390
0.77402377
0.84149593
0.94791234
0.80407405
0.79189754
0.91857326
1.05133092
0.74470150
0.84282851
1.00116408
0.99869734
0.81439257
0.79901195
0.74671733
0.77143222
0.85655427
0.79689354
0.84525049
0.79198897
0.75156665
0.73518002
0.90001547
0.85292536
0.69775301
0.90142179
0.79732394
1.04135680
0.75184631
0.73061371
0.76446456
1.03589654
0.84219062
0.79167187
0.88501740
0.96698725
0.93767101
0.79064906
0.75229704
0.97243708
0.84664440
0.83770019
0.98062325
0.84077358
0.89934838
0.87538135
0.80287361
0.79003954
0.76126808
0.72785443
0.65839458
0.81002074
0.65676939
0.99350500
0.69183016
0.92371309
0.89936900
0.76822549
0.80000246
0.90601963
0.81619322
0.80689335
0.76039636
1.00886905
0.81255108
0.89869541
0.61455721
0.83620960
0.70009243
0.99014103
0.78412783
0.75560576
0.88900250
0.97030741
0.74151754
0.60191262
0.69637835
0.83615851
0.87847179
0.98383093
0.94782174
0.88290465
0.77265668
0.80520248
0.93843091
0.82939392
0.96782005
0.85228062
0.74157143
0.91993427
0.80371869
0.73144543
0.78318346
0.85746455
0.73107862
0.96191847
0.82337791
0.88644820
0.81655079
0.78647649
0.67844212
0.70350248
0.78363943
0.72700405
0.68161732
0.81578279
0.83281887
0.56651497
0.78911817
0.69085741
0.78101975
0.77972519
0.80786341
0.71601361
0.71557999
0.85360956
0.85118216
0.84151584
0.95360315
0.84257996
0.63630915
0.86532509
0.92872369
0.69852805
1.00121307
0.85244232
0.76894569
0.75482732
0.93738115
1.03069043
0.88021368
0.69825268
0.86483479
0.76949131
0.84056711
0.74324930
0.83969927
0.85878921
0.75102949
0.77185643
0.88145655
0.75772142
0.66244394
0.94781840
0.92574191
0.77250183
0.92502004
0.81036711
0.93606663
0.77149051
0.72387606
0.83800173
0.85612696
0.70752454
0.78677535
0.75199759
0.75683713
0.74403226
0.91909879
0.90859026
0.75326705
0.87636393
0.86114013
0.62924594
0.86450469
0.85258693
0.68801761
0.90859401
0.88195240
0.87374592
0.96982092
0.79050493
0.85144514
0.85065114
0.84877020
0.88960183
0.87573475
0.82355094
0.88439620
0.95422792
0.72662395
0.75683433
0.82091403
0.82858503
0.92758369
0.69559741
0.72446662
0.71662569
0.62242681
0.77958083
0.71485162
0.99142891
1.04213834
0.63305044
0.87993997
1.01847148
0.72398245
0.79689747
1.05359077
0.64889115
0.65958357
0.71200520
0.81387109
0.62564683
0.72143817
0.86321771
0.79688191
0.63794303
0.97973913
0.79142588
0.74721241
0.69539857
0.77963287
0.68541670
0.77404964
0.81316882
0.85092515
0.67768896
0.78356647
0.60819894
0.70133638
0.90763509
0.84757185
0.72193575
0.85765988
0.65588975
0.66727412
0.71738112
0.71030325
0.78003764
0.80796456
0.76676863
1.03049338
0.74841398
0.77406073
0.82818115
0.76473570
0.72878218
0.93446076
0.85259545
0.96543479
0.74464506
0.74926192
0.71942157
0.75228822
0.93042004
0.83897078
0.82660192
0.99447095
0.89583045
0.69453162
0.76127762
0.74858618
0.76848197
0.64878929
0.87636036
0.73857558
0.91573930
0.66068286
0.84084570
0.79643244
0.77878320
0.86402398
0.93387073
0.89978778
0.78834403
0.82844055
0.82146823
0.94270688
1.02555633
0.70613837
0.80129939
0.80150962
0.76564556
0.93618065
0.70906621
0.73400944
0.84689122
0.62611574
0.83366597
0.91282582
1.07551742
0.80694890
0.78225744
0.71278405
0.84572369
0.93844521
0.59727716
0.82954276
0.74608040
0.87749732
0.84664023
1.08241677
0.88255644
0.79700434
0.72872341
0.88312942
0.87184310
0.90912831
0.79718494
0.88824880
0.76089740
0.75290608
0.75049627
0.85269827
0.87932301
0.71666956
0.70583034
0.74248898
0.74764621
0.71593481
0.95415324
0.71002185
0.71184903
0.79196823
0.88276899
0.68726432
0.86137950
0.79413235
0.91362047
0.91500759
0.83310741
0.83591425
0.78952217
0.86150253
0.88460112
0.91597861
0.91091949
0.72477043
0.79761994
0.79140258
0.72753102
0.88328803
0.74246132
0.71276474
0.84341580
0.77433324
0.83179128
0.76421809
0.69227982
0.81896317
0.79119396
0.69928426
0.89168692
0.76959258
0.70562404
0.71427143
0.91559190
0.75177610
0.84359932
0.81596458
0.87585020
0.80604368
0.78207392
0.70529628
0.76876414
0.81091416
0.98268461
0.76275629
0.80259746
0.88900512
0.76722926
0.68535537
0.77544469
0.69302171
0.87868607
0.66366941
0.71149337
0.67931342
0.65311575
0.56678587
0.70941734
0.72138560
0.68169743
0.84320492
0.65564740
0.77541316
0.68022954
0.76146811
0.90522820
0.63484740
0.96342760
0.88322377
0.84508771
0.78600609
0.82480037
0.92259312
0.86264431
0.84174776
0.79858226
0.78382307
0.65688378
0.79755330
0.90404296
0.74317974
0.76307422
0.66539514
0.86288631
0.79869562
0.62816167
0.74532080
0.81805003
0.77419937
0.71348041
0.79331481
0.79131615
0.59872252
0.84230483
0.76244330
0.78006339
0.77775228
0.74504375
0.83845127
0.70667851
0.81902480
0.69132537
0.75543749
0.87601107
0.71094638
0.84454489
0.89581519
0.88306344
0.91667783
0.67020363
0.84430557
0.64488471
0.93429887
0.75279403
0.71722841
0.73386538
0.78114086
0.81026125
0.90478992
0.89820158
0.65347528
0.72036672
0.69689953
0.68423688
0.73777938
0.86172056
0.72688723
0.77344197
0.79791808
0.67566216
0.74273622
0.57510734
0.88147306
0.87755167
0.84048998
0.90596485
0.66598451
0.72558939
0.85556006
0.68814224
0.87185907
0.80765247
0.88499165
0.83526742
0.78500485
0.90643430
0.85331202
0.77416551
0.73173600
0.83623731
0.64434004
0.95433408
0.76720411
0.85654676
0.75401771
0.90729666
0.78582621
0.94813728
0.82151932
0.84924221
0.66927761
0.79974830
0.80702287
0.66479278
0.67243797
0.61561561
0.70173937
0.93011487
0.96346515
0.60445225
0.74588132
0.75834191
0.61488104
0.72554481
0.82117677
0.76648420
0.93537784
0.90464377
0.72876871
0.60848737
0.77960968
0.89978701
0.90623248
0.55824614
0.93690848
0.75856864
0.71635824
0.73024297
0.74240506
0.80090374
0.83334136
0.74212098
0.77744079
1.01021564
0.78159171
0.70402467
0.61933237
0.88950676
0.80598378
0.68597943
0.77369320
0.93591642
0.83046365
0.87852478
0.75319695
0.76982439
0.86027706
0.61863518
0.65642989
0.76639307
0.82119894
0.96200848
0.83789772
0.75946730
0.71899629
0.72520757
0.71802735
0.81206256
0.86431605
0.92388880
0.72896051
0.79261398
0.73593891
0.65085506
0.88663709
0.73730850
0.75087059
0.75993007
0.71870422
0.77788413
0.81888306
0.75522983
0.69383538
0.87343782
0.71521878
0.71910316
0.80771893
0.67763638
0.64500833
0.88166362
0.74620849
0.81820023
0.68989527
0.91798389
0.81331962
0.85761148
0.72781563
0.76522088
0.73036766
0.91544640
0.68303144
0.59794492
0.77054095
0.84555030
0.64332861
0.75958705
0.63869655
0.84899175
0.80981016
0.53381121
1.00712550
0.64762259
0.85566103
0.99754679
0.65404576
0.80122107
0.66584641
0.71963793
0.71239704
0.82836807
0.77048469
0.80524862
0.77689517
0.68008971
0.76824188
0.77951884
0.99912924
0.65015984
0.81172764
0.78099740
0.75265694
0.75408626
0.66025102
0.84843761
0.61687160
0.64526200
0.78138322
0.59135652
0.80226475
0.74414575
0.67758751
0.64609557
0.77499884
0.74454439
0.75297701
0.86756736
0.76908761
0.78351820
0.66773391
0.92489350
0.63393146
1.00435257
0.85329819
0.80061579
0.73902005
0.89331537
0.84246445
0.73483670
0.69676316
0.67696154
0.73661029
0.68874645
1.04255080
1.03485823
0.85698092
0.77761859
0.61409658
0.93711686
0.70092118
0.70992321
0.87415200
0.67494226
0.66835427
0.80870688
0.76301312
0.91502285
1.03896761
0.67260945
0.74355137
0.72118020
0.80254817
0.73839617
0.81252187
0.77668810
0.97862124
0.72871351
0.65907574
0.87379450
0.75285405
0.80489349
0.71569157
0.57659709
0.69547701
0.83104300
0.82959229
0.59192359
0.77561247
0.71956950
0.69732964
0.75473821
0.80497849
0.76798892
0.66217875
0.70227247
0.84308577
0.80275375
0.79735470
0.63833725
0.73491526
0.90349120
0.67676198
0.72878218
0.73644608
0.78259999
0.65650684
0.96709275
0.69774199
0.74369037
0.72598237
0.69257879
0.72948724
0.67545384
0.69624233
0.64185715
0.87601161
0.70641279
0.91265762
0.63197052
0.58611393
1.00195122
0.64737141
0.71496874
0.87066257
0.78319395
0.69579792
0.88156432
0.71537048
0.77214903
0.57254118
0.77200752
0.70216095
0.91371870
0.79920387
0.83558989
0.67525804
0.75578743
0.89295107
0.75876421
0.88008952
0.76371282
0.72652471
0.88856006
0.93655443
0.77525336
0.80508530
0.82190657
0.60379893
0.74271858
0.84691751
0.76609391
0.67921591
0.76415336
0.71169883
0.84992790
0.78501391
0.77221429
0.76548910
0.77467752
0.74075603
0.88364065
0.72814608
0.77632862
0.77387512
0.78643620
0.78448701
0.83601135
0.68536389
0.83193046
0.80713457
0.88815796
0.81118119
0.73132181
0.79511654
0.86083287
0.77234191
0.52201962
0.69020104
0.80133021
0.78361088
0.69387937
0.77740252
0.78726113
0.80003971
0.83620822
0.84061456
0.80059373
0.81514615
0.95328575
0.87649155
0.82609749
0.69316125
0.70759386
0.77118468
0.87885553
0.79752105
0.92345345
0.80119812
0.77268535
0.69214857
0.74973708
0.87328166
0.86306155
0.81690150
0.68831837
0.78740615
0.65755618
0.85902148
0.75438267
0.71078885
0.72630906
0.64632320
0.93855691
0.60385084
0.71697402
0.77272624
0.62488449
0.85847574
0.69492161
0.66895115
0.65137160
0.80980623
0.65722042
0.75151205
0.95229089
0.72914553
0.91487330
0.70199120
0.82158536
0.74175692
0.69486284
0.60148180
0.68270135
0.74007750
0.63526899
0.60621512
0.75833523
0.92999613
0.89846063
0.76581150
0.96378118
0.87268233
0.74506962
0.92571151
0.58516282
0.84426355
0.90906793
0.69614482
0.98407638
0.80984426
0.70230269
0.66370356
0.83613288
0.74887252
1.01190329
0.77768791
0.75197870
0.74599814
0.92289454
0.79021323
0.79082996
0.60036969
0.85192293
0.69194067
0.72912955
0.82070118
0.87152660
0.77036798
0.92594928
0.77520931
0.80845726
0.76846021
0.60752630
0.80626881
0.70249051
0.80119795
0.80509698
0.81242228
0.81898785
0.75708050
0.66497421
0.80058169
0.85022140
0.65225846
0.73606825
0.77561831
0.77345556
0.68945205
1.02633739
0.74722970
0.66821641
0.65156752
0.80727005
0.84223092
0.73715454
0.93787920
0.71230388
0.66908675
0.62833160
0.85456318
0.77584451
0.66867399
0.72519165
0.81803584
0.60406232
0.70376170
0.68146026
0.75258934
0.87507033
0.78632152
0.79455042
0.80260038
0.76974267
0.76710057
0.73559695
0.68382603
0.64077175
0.86880589
0.82981724
0.72997099
0.63262856
0.83062744
0.74597168
0.72242355
0.81174570
0.70340717
0.66057777
0.67121649
0.79879332
0.78975475
0.79783899
0.75090963
0.82756352
0.74430001
0.90404886
0.85198963
0.84002459
0.69686168
0.92757732
0.83735508
0.88039064
0.72393626
0.92160416
0.64718539
0.95039868
0.64884746
0.66876376
0.55394590
0.71192908
0.68846339
0.71425402
0.63459212
0.91299438
0.79198647
0.71296346
0.79015183
0.87667954
0.86239100
0.68680978
0.69057393
0.70973545
0.63593054
0.61918432
0.54452831
0.66396809
0.72795010
0.65153360
0.68926513
0.75201237
0.65936881
0.69926947
0.72902554
0.77700639
0.82989711
0.69802457
0.61043245
0.65957147
0.74568766
0.94353998
0.82116628
0.68058872
0.90290213
0.85000455
0.86742347
0.76115727
0.60719872
0.78623980
0.70331609
0.75175309
0.92932439
0.67587024
0.79873329
0.69646955
0.74618459
0.66810524
0.77687824
0.87976813
0.77257693
0.95040488
0.87718123
0.81130040
0.85434341
0.91721725
0.73676890
0.92131168
0.74453294
0.75183535
0.76799703
0.74052578
0.73264813
0.81320167
0.73223406
0.82058382
0.72621417
0.76610816
0.69031620
0.63314915
0.71046901
0.67605925
0.70619434
0.65403819
0.74469268
0.80844462
0.67748249
0.80021417
1.00678062
0.64257967
0.65655506
0.79548681
0.84671152
0.90816325
0.72154647
0.80533314
0.64978981
0.67670822
0.77792454
0.67048067
0.76241738
0.73893619
0.74398577
0.64235520
0.76147437
0.72909671
0.75882602
0.76871598
0.62955463
0.66350788
0.54430968
0.63924444
0.60273856
0.98921579
0.81211299
0.74345350
0.84244001
0.58753395
0.78645170
0.74048901
0.81575716
0.60234797
0.77809036
0.73135000
0.67985845
0.84397864
0.72182691
0.71411407
0.83074003
0.75497234
0.74675775
0.86545157
0.69507176
0.66347992
0.82604730
0.67258972
0.74037558
0.73340142
0.76991546
0.68832195
0.72868764
0.75418824
0.80407971
0.77437252
0.87266594
0.61977530
0.85465032
0.74458903
0.88367367
0.82171029
0.81351769
0.57911503
0.85796076
0.69446248
0.79248136
0.88730133
0.62149245
0.59289914
0.60270178
0.77471936
0.80301040
0.85627782
0.71099478
0.72527397
0.58857846
0.81111532
0.81661475
0.67201561
0.84543645
0.72351289
0.64925742
1.00960374
1.03412461
0.92134684
0.84555554
0.83468980
1.05389333
0.67022228
0.81530523
0.83512449
0.84499311
0.57933962
0.86543947
0.75939715
0.68278962
0.83954525
0.84403366
0.66623086
0.74221468
0.88542378
0.68285829
0.67668861
0.71284771
0.64153016
0.69912696
0.70916957
0.77681297
0.72352719
0.83776426
0.73949587
0.65522385
0.72163296
0.70591807
0.78465426
0.82430851
0.78749013
0.57976365
0.66205704
0.88937628
0.75669706
0.67347085
0.78066885
0.64087403
0.88575399
0.84365046
0.72476655
0.47070315
0.70441580
0.67961466
0.76783001
0.82149661
0.53460240
0.75766420
0.75298691
0.68263125
0.65173221
0.75590968
0.55066824
0.75857365
0.72753835
0.56381929
0.74211907
0.62129986
0.82726347
0.78910810
0.79865181
0.63371885
0.64241219
0.93676144
0.74500185
0.84821868
0.71501279
0.80086392
0.64143819
0.59833705
0.88356256
0.81606436
0.68440032
0.81796378
0.80721521
0.59733880
0.70685053
0.84317905
0.76355028
0.69061816
0.67627263
0.80288661
0.76143259
0.90791941
0.70372438
0.74774504
0.75963974
0.75854445
0.83927417
0.75377303
0.78104365
0.72773546
0.70318484
0.94434810
0.71513999
0.56246132
0.54385793
0.64534664
0.89811140
0.52086800
0.81687194
0.78789997
0.86618984
0.54262853
0.64702910
0.66045117
0.73669076
0.66762364
0.70051867
0.65060914
0.57140023
0.51675963
0.78031522
0.91421324
0.68684965
0.77336425
0.91154861
0.80320841
0.72769254
0.85892826
0.83752263
0.80630910
0.84522933
0.73332345
0.89751673
0.83962607
0.83862650
0.73111397
0.75856841
0.71925819
0.75536013
0.61437929
0.93488562
0.85126388
0.71980321
0.59453547
0.76727951
0.69348282
0.59656960
0.67275530
0.79403329
0.67415577
0.81172740
0.65253329
0.84794629
0.58122575
0.76622957
0.79190058
0.58391005
0.68208182
0.79112649
1.10196638
0.59359986
0.58723313
0.90983874
0.66278160
0.64349318
0.64716077
0.82981205
0.84717286
0.78103715
0.69274068
0.69573748
0.71365798
0.79619074
0.89908749
0.64896476
0.74772692
0.83547807
0.71145272
0.69449258
0.80105275
0.68069780
0.79147875
0.87510592
0.68606758
0.74903864
0.87961906
0.84193468
0.76246041
0.87320912
0.78165376
0.80501437
0.65878022
0.66276169
0.71795446
0.92944396
0.67363775
0.61336350
0.92411017
0.84939718
0.80595148
0.66312313
0.75513327
0.83326888
0.72448522
0.77601278
0.70683485
0.67128682
0.67684484
0.80848807
0.77416372
0.85276848
0.82146299
0.71682298
0.82665324
0.75425786
0.63751543
0.67016631
0.62627113
0.69012952
0.67646438
0.74568754
0.63960135
0.73364997
1.04002976
0.60854030
0.68231130
0.68255097
0.64496541
0.64318383
0.71950316
0.71173066
0.72689915
0.65035617
0.67352283
0.90553707
0.79837465
0.73621762
0.66618294
0.61084402
0.81301081
0.80003226
0.87247491
0.77343607
0.97769397
0.74374074
0.69097292
0.84330833
0.86011446
0.63536239
0.60859746
0.67145956
0.76278889
0.58304501
0.78983301
0.63178629
0.72610408
0.74190384
0.65789235
0.73377460
0.70589811
0.81885642
0.74920022
0.79149723
0.65141171
0.69999230
0.65120804
0.80123186
0.61537004
0.65662378
0.55161661
0.64011765
0.61122227
0.75020874
0.88571823
0.78527081
0.73030531
0.87875903
0.68235743
0.70916027
0.76452684
0.84492767
0.81500173
0.58628958
0.76626128
0.75387681
0.70253682
0.77196467
0.77678299
0.66246706
0.69112897
0.69230449
0.69234371
0.75990993
0.57198542
0.68175256
1.01423740
0.82911032
0.76796961
0.54895771
0.69807971
0.76754010
0.85814333
0.65485048
0.66431093
0.94354653
0.73913300
0.80282915
0.65780306
0.77791643
0.74357265
0.64435035
0.81896245
0.74555516
0.73981953
0.75141454
0.96819073
0.68720013
0.89888829
0.65749401
0.75571489
0.85048306
0.76629889
0.89865738
0.87759995
0.82570577
0.63932586
0.66153365
0.80715549
0.68600059
0.62245148
0.74657834
0.95802486
0.68521690
0.74460685
0.74930638
0.72279859
0.74615765
0.75613034
0.64308739
0.58530092
0.63731158
0.94560850
0.57539189
0.75017679
0.63195550
0.85798252
0.95604563
0.78079581
0.75996864
0.81619161
0.89937967
0.62869203
0.98478001
0.73949093
0.74520975
0.67914009
0.63094443
0.96092701
0.68509835
0.78207350
0.70568275
0.71685851
0.72452784
0.86925471
0.65366089
0.67934847
0.73563302
0.86015528
0.77127934
0.75996327
0.47008979
0.79832780
0.80537409
0.71755391
0.75769043
0.98476243
0.61766112
0.65443599
0.72947407
0.69349653
0.67903566
0.80369174
0.79415977
0.64680648
0.61967123
0.85529447
0.85198247
0.58885622
0.57159472
0.62810451
0.85961449
0.73241699
0.88268554
0.75031143
0.76456201
0.75337696
0.69301587
0.79054642
0.77033538
0.71381557
0.78032899
0.94220722
0.69085753
0.60325480
0.92065728
0.95916218
0.78348255
0.71686888
0.77034497
0.57561982
0.69713199
0.66477621
0.58248156
0.72127283
0.63808036
0.83438611
0.65697742
0.75080198
0.69979894
0.75431657
0.64674568
0.67071033
0.47888511
0.78156245
0.84336603
0.98376954
0.75231540
0.67291224
0.63833517
0.66654438
0.76730287
0.93079215
1.21826291
0.68621218
0.67860508
0.93958980
0.76432347
0.71744847
0.70559472
0.72301435
0.83666420
0.76147497
0.62745076
0.77799541
0.77802616
0.78139246
0.76037419
0.83114731
0.81305957
0.79709601
0.69336939
0.77718318
0.75669777
0.64622712
0.65338123
0.77292830
0.98841757
0.68769073
0.76071119
0.73885459
0.68975884
0.85332245
0.86575079
0.58077830
0.58161473
0.74259174
0.91669083
0.72150272
0.73715675
0.65882456
0.70706874
0.69229245
0.75237411
0.52323830
0.51066107
0.63661504
0.54901153
0.69300127
0.58680260
0.78973329
0.77067494
0.78414243
0.51484966
0.58075750
0.80884886
0.55589843
0.64190865
0.75666010
0.85854781
0.72834450
0.74854314
0.78487027
0.70176065
0.76850212
0.79608339
0.72780085
0.72010839
0.81220800
0.76602083
0.81706071
0.62282825
1.04956079
0.59768713
0.56874639
0.78494167
0.77796412
0.67605454
0.80172139
0.82207304
0.71832681
0.72975200
0.67474413
0.68687093
0.74319589
0.87132436
0.72938198
0.67146754
0.63801175
0.67033041
0.64789248
0.94694173
0.74263942
0.62623614
0.78599614
0.64274883
0.50281924
0.55215615
0.53366697
0.60201985
0.89815927
0.63735348
0.82072812
0.59037519
0.63000697
0.85485530
0.79413867
0.96647608
0.68395633
0.57398880
0.79456782
0.71414465
0.71342421
0.79298931
0.70972049
0.65190101
0.68277717
0.73752594
0.70201463
0.77476430
0.78940624
0.64087272
0.65787810
0.73406100
0.78252697
0.61196637
0.76778066
0.84869343
0.74934119
0.71904796
0.73283029
0.76412839
0.65491927
0.76114333
0.64679348
0.77354908
0.81425571
0.80009234
0.79394716
0.74961728
0.67269778
0.75917876
0.61929286
0.66536093
0.62080330
0.87526715
0.71753711
0.63820744
0.69313312
0.66727716
0.81188953
0.60985959
0.77410734
0.70070517
0.75870544
0.58822787
0.63178694
0.62429500
0.81754261
1.02880859
0.75947922
0.79044044
0.78065461
0.71212077
0.78164935
0.78138959
0.60776782
0.61003697
0.76654744
0.82449359
0.66165066
0.58770907
0.48686886
0.88511395
0.65771091
0.75459558
0.85473633
0.77423877
0.80800968
0.60900640
0.72483128
0.86191988
0.68235278
0.80200136
0.78472799
0.72585356
0.71913159
0.72519034
0.65158010
0.77550066
0.86551452
0.72482741
0.81714380
0.71160507
0.85397565
0.61624914
0.83485603
0.79364431
0.63108635
0.77341294
0.64713776
0.70321131
0.66721117
0.74690062
0.63009512
0.81513858
0.81666785
0.68193293
0.63382381
0.71635997
0.52716315
0.64872539
0.80922401
0.71324122
0.73353767
0.73650873
0.84382093
0.68491238
0.68068182
0.62094903
0.77898449
0.71277004
0.75837642
0.59700584
0.78553617
0.55975842
0.82864416
0.63387018
0.65230578
0.82115495
0.72525847
0.67005551
0.71930683
0.76779741
0.74305916
0.59829092
0.59934616
0.74579495
0.66141164
0.56359899
0.87222385
0.74056375
0.74828529
0.63310087
0.73524511
0.80041790
0.83552325
0.74195635
0.62255716
0.62492847
0.68263328
0.81096011
0.90249395
0.57626343
0.71785891
0.66735303
0.73372442
0.69165194
0.82915115
0.69057858
0.75873792
0.77563030
0.80830163
0.81459630
0.77965069
0.70437759
0.76405817
0.71033466
0.52510929
0.79097080
0.78473735
0.59660411
0.77061564
0.69523299
0.93863183
0.61006534
0.75551969
0.75370777
0.43861938
0.74513996
0.73118496
0.79993331
0.73211545
0.99625111
0.64565051
0.70530623
0.83293241
0.82189238
0.98789388
0.82846653
0.55542529
0.84519315
0.86771071
0.70652312
0.62040889
0.70237023
0.77273667
0.64613926
0.77089787
0.73361838
0.89025080
0.76891494
0.85005099
0.83748877
0.77874625
0.66755605
0.75896418
0.68509507
0.86036158
0.60283571
0.60042721
0.67673719
0.55907995
0.56198359
0.77683079
0.64199656
0.73817027
0.71488130
0.87516713
0.79645801
0.77741396
0.56806040
0.70270473
0.84123337
0.86260974
0.65212262
0.53268540
0.59955657
0.75309074
0.66840482
0.72067499
0.61775351
0.66948533
0.76758051
0.78144836
0.68966168
0.67541528
0.55160964
0.59697360
0.64339292
0.60388213
0.66769969
0.67807657
0.84810454
0.66929257
0.55957085
0.66172945
0.55450594
0.72258157
0.62431550
0.70329440
0.55575109
0.85945356
0.68421620
0.74441081
0.67809939
0.68807596
0.53976119
0.72238541
0.71035433
0.70257264
0.71860147
0.66371769
0.64827389
0.66702563
0.67775095
0.64977932
0.54708898
0.58182061
0.70374119
0.83585739
0.87121123
0.82947528
0.64382994
0.48903960
0.71466017
0.80214405
0.72291028
0.76013947
0.64276880
0.79362750
0.74629879
0.80926144
0.72839046
0.85913014
0.52499795
0.66325825
0.57553518
0.78336990
0.61740714
0.78381646
0.66106749
0.70610142
0.86206138
0.85096461
0.74204820
0.71659452
0.57910728
0.75867271
0.66669869
0.61012065
0.70729214
0.90232646
0.77846539
0.62298024
0.73664224
0.69996846
0.93017358
0.60035259
0.75053531
0.62519073
0.77370358
0.70954502
0.59649301
0.59184384
0.79836124
0.64619720
0.89440477
0.76171327
0.54118466
0.58659613
0.71609730
0.73120475
0.86832178
0.59503233
0.64845544
0.67065424
0.81870240
0.74858534
0.67080474
0.87338394
0.82489324
0.71367925
0.72427797
0.70154202
0.72284341
0.62992334
0.93252885
0.89967680
0.72817641
0.66965461
0.52611363
0.57409304
0.89617831
0.90621042
0.90408635
0.79160178
0.72855121
0.66691536
0.92838573
0.76181960
0.97645563
0.61498463
0.65602452
0.53132147
0.83732170
0.74285561
0.72339916
0.67233539
0.63105309
0.68636560
0.61305732
0.75013793
0.56376684
0.69442976
0.65552092
0.75528550
0.59540844
0.67003286
0.71035618
0.58313274
0.95702052
0.63944221
0.60766530
0.71529055
0.80852824
0.67985725
0.65437490
0.70525223
0.92010272
0.83739030
0.72565305
0.70280516
0.77658999
0.65106845
0.93970352
0.83630204
0.64347589
0.74572074
0.65320855
0.58178449
0.74680698
0.83215833
0.76638269
0.80991495
0.58624196
0.61668986
0.78922200
0.78777683
0.71742737
0.77592015
0.83963972
0.67795151
0.57677251
0.64848113
0.64743489
0.61306036
0.69146270
0.62064540
0.60886312
0.72262287
0.66049701
0.53329360
0.69494247
0.78038466
0.66902936
0.75362664
0.69610733
0.61462969
0.79014486
0.78635097
0.65423387
0.74181384
0.78437936
0.69614297
0.74790043
0.77331269
0.81210697
0.55425417
0.64523864
0.79078615
0.93304342
0.89347792
0.61149764
0.59878099
0.57199162
0.59966201
0.71301770
0.77011251
0.77283424
0.63604450
0.73626673
0.64168370
0.63940263
0.66386402
0.70660579
0.77611232
0.63601148
0.66880304
0.75927442
0.64801747
0.63418376
0.58250678
0.62039822
0.57074445
0.76923919
0.72489107
0.89914036
0.70666468
0.46523619
0.67502171
0.67156839
0.60147548
0.71315461
0.95381367
0.63044649
0.54526979
0.63394284
0.84305227
0.57431567
0.65873498
0.64603448
0.64580286
0.77952242
0.81482637
0.56119186
0.67907202
0.77772707
0.78030229
0.66061258
0.63847405
0.74354279
0.73139358
0.68844151
0.46272072
0.66425318
0.81816763
0.60054922
0.83515865
0.49349359
0.58821505
0.37962905
0.67352867
0.47222197
0.62120616
0.80820614
0.66607177
0.91476047
0.58334124
0.59152728
0.96383512
0.75871968
0.65719849
0.60812736
0.87019807
0.80099821
0.51457715
0.61954659
0.73811871
0.75345588
0.69117951
0.65279877
0.64358479
0.70181942
0.90765131
0.53089309
1.00614095
0.86338490
0.78778470
0.63377905
0.49604121
0.69935983
0.75381041
0.44923490
0.78131032
0.56779879
0.91359138
0.68927550
0.87687457
0.97910148
0.63307858
0.76161289
0.66449845
0.78836775
0.78037816
0.63074923
0.65904641
0.75920612
0.61101407
0.83550692
0.93427825
0.60639811
0.82596600
0.73143780
0.86159909
0.66645885
0.66072410
0.76945955
0.86521554
0.84668446
0.81341726
0.75996572
0.62855917
0.68289441
0.68576825
0.70084614
0.74298048
0.85602415
0.74009752
0.69348657
0.79196209
0.75641352
0.75722718
0.65853620
0.80072689
0.69864035
0.74865937
0.75864887
0.63899249
0.76119834
0.58716321
0.73196614
0.86879134
0.70141405
0.68460572
0.69942433
0.52676576
0.56816852
0.55009389
0.78389210
0.56975567
0.55032945
0.63999271
0.67167473
0.79743481
0.74877000
0.79672992
0.68600690
0.62038136
0.69707096
0.69222832
0.75394106
0.76193935
0.64403176
0.59674585
0.73778605
0.69905734
0.77494490
0.69280624
0.54226935
0.83275628
0.65139651
0.61119080
0.58315432
0.57865047
0.71535718
0.58919704
0.68316823
0.49350551
0.64951515
0.67651951
1.01653290
0.59969229
0.64963043
0.51273090
0.69120055
0.76016831
0.75716645
0.72930086
0.70074105
0.76033306
0.65909749
0.58489823
0.80010897
0.70632201
0.69123703
0.77222675
0.68352211
0.62726694
0.59724051
0.59462285
0.51615411
0.53143048
0.63483280
0.57588124
0.58916998
0.64383268
0.74457330
1.11981130
0.77904814
0.59782720
0.74268842
0.62500191
0.60832036
0.75253141
0.63880455
0.87977576
0.51539910
0.67707258
0.62961066
0.71844637
0.64857149
0.66551340
0.63365841
0.72455478
0.66006255
0.70057100
0.48189259
0.55859351
0.64144695
0.60529876
0.80376357
0.69126576
0.65369093
0.77987492
0.54566592
0.64288127
0.84563267
0.69452900
0.62517846
0.73432422
0.88035059
0.68820214
0.75285852
0.61840928
0.71623218
0.78178984
0.70225018
0.63488710
0.75209326
0.75689495
0.80955267
0.70062923
0.72819281
0.64918554
0.78028578
0.78851008
0.56378329
0.51472318
0.64404833
0.64405286
0.72130215
0.64536184
0.60435891
0.73150516
0.79451293
0.53243291
0.58450240
0.59311891
0.66060126
0.62197065
0.55578434
0.63698691
0.62466371
0.65616632
0.66703832
0.54118967
0.54176086
0.66970140
0.61346459
0.76025474
0.72341585
0.67802215
0.75017333
0.61722505
0.66294384
0.54694110
0.72727203
0.76330423
0.88414425
0.45561901
0.52793413
0.75281006
0.59007204
0.64049625
0.62891340
0.57981920
0.81397790
0.54003775
0.63753307
0.54766184
0.72441661
0.79748046
0.67352974
1.05651331
0.85608333
0.60024160
0.60290694
0.52712512
0.63493991
0.83891487
0.51042616
0.77981365
0.67486322
0.58104634
0.56445301
0.61610425
0.68884671
0.62350684
0.58567131
0.56967056
0.64061940
0.74045062
0.63379991
0.79464781
0.74658817
0.75827581
0.94124985
0.69124395
0.60633653
0.69809771
0.66459483
0.80422580
0.74625844
0.87444293
0.89919162
0.78262258
0.78966254
0.53250694
0.73253340
0.86907083
0.84232670
0.55138731
0.69527233
0.80966097
0.80531430
0.83969766
0.75981736
0.60498178
0.81932330
0.75140244
0.76449281
0.64275897
0.79611552
0.71370184
0.62104309
0.69134158
0.55138576
0.58733582
0.67710334
0.66070729
0.60606933
0.71456486
0.60928255
0.59044242
0.59052020
0.82247782
0.74456751
0.71714747
0.76697516
0.64711845
0.68113309
0.65288848
0.79672670
0.76910329
0.75612330
0.73487836
0.70137262
0.67436773
0.67523003
0.54415637
0.73536545
0.69097805
0.61385441
0.65886617
0.77289081
0.71913445
0.69610238
0.54663295
0.61037922
0.77899003
0.62968731
0.69204319
0.92081875
0.74799508
0.79976261
0.62870145
0.85511243
0.72148120
0.80550134
0.72716868
0.74708819
0.74080288
0.63569808
0.67474604
0.67396426
0.91442859
0.64222229
0.64124596
0.68265718
0.72091234
0.69117594
0.74622047
0.88655764
0.59488660
0.64414775
0.78154868
0.69235659
0.67642581
0.64854032
0.65039039
0.72010112
0.81971711
0.60768282
0.57272667
0.62873417
0.51966822
0.59984267
0.85884452
0.81405234
0.63053250
0.76636523
0.63102931
0.60623980
0.76653510
0.69315475
0.49429125
0.78807771
0.69202256
0.87189883
0.95131791
0.69709790
0.69915664
0.51395130
0.56652606
0.72698635
0.66779315
0.58263016
0.69733846
0.70351768
0.57512385
0.66088831
0.65597707
0.62634778
0.72605038
0.82375342
0.69135427
0.66116118
0.64374793
0.81043291
0.54017866
0.83122313
0.72672588
0.60755563
0.60680014
0.71049541
0.77642995
0.56061006
0.65189648
0.60012603
0.52790111
0.86098832
0.65277809
0.57481676
0.61709607
0.64896405
0.70230752
0.68221033
0.59122658
0.76648188
0.75679946
0.58127272
0.58446717
0.65439761
0.59944493
0.60374045
0.60078037
0.58310175
0.54439259
0.75434136
0.76606715
0.63235378
0.68252194
0.66987264
0.57311755
0.63260007
0.87466967
0.78413773
0.80224860
0.85174072
0.73223710
0.76060069
0.71248043
0.63787889
0.68230307
0.52183437
0.69565153
0.76930016
0.59694564
0.73341870
0.70323783
0.58247149
0.56012613
0.56380272
0.59894675
0.53097916
0.58223712
0.77909321
0.84703273
0.62639642
0.56866765
0.64841604
0.50099212
0.58737731
0.58549523
0.59572399
0.68734598
0.62493116
0.75718379
0.59056818
0.55144572
0.57777655
0.61700922
0.65686876
0.51425695
0.62186605
0.73983407
0.73041987
0.55729532
0.56448960
0.58419687
0.61920857
0.55986220
0.66090757
0.59304726
0.93851304
0.61817300
0.62359047
0.36301887
0.53985083
0.77035242
0.66960400
0.60462713
0.55499285
0.77023542
0.62148839
0.44735581
0.67209661
0.55009460
0.76755702
0.57557517
0.66080248
0.58190405
0.76734757
0.45270389
0.68309867
0.60864520
0.56515908
0.54417670
0.75352967
0.63537717
0.70361882
0.50456810
0.73007268
0.50438327
0.71825349
0.91755426
0.50547963
0.49719507
0.73832512
0.57237875
0.73822373
0.58925402
0.52349627
0.59579003
0.71233308
0.61353362
0.78543615
0.64511293
0.82182634
0.65262896
0.65590453
0.75215018
0.69516397
0.65462482
0.69908464
0.81435895
0.78179514
0.59432405
0.57347190
0.58977765
0.78787965
0.74958503
0.73935604
0.65459913
0.62207234
0.71533895
0.68403131
0.68008780
0.61200809
0.74204981
0.57461375
0.86433291
0.53604770
0.87177587
0.40652233
0.49471408
0.67130768
0.67546237
0.76614732
0.72072405
0.65903246
0.67105871
0.54973686
0.86370468
0.67876202
0.70254409
0.57144392
0.50792623
0.64544481
0.80988824
0.77892786
0.61486048
0.61775976
0.60451782
0.67716706
0.55036616
0.65890050
0.55746925
0.65689319
0.71278489
0.76459241
0.85902029
0.65970159
0.84647250
0.62307048
0.83794129
0.75461054
0.84309006
0.54018402
0.72841752
0.79239035
0.65428090
0.59947246
0.52017736
0.74040997
0.71498168
0.63199538
0.87352931
0.69723153
0.63796413
0.64506841
0.62026292
0.79432833
0.77123904
0.68041742
0.82138205
0.66965485
0.75750208
0.70896441
0.81006366
0.86143279
0.76245785
0.76316631
0.60680401
0.64464760
0.72275889
0.62832963
0.59055638
0.69922817
0.58841968
0.97545135
0.69382554
0.50015652
0.65603912
0.61433303
0.68437290
0.60844338
0.65019852
0.83923948
0.86782658
0.68058944
0.56466198
0.42277870
0.64956301
0.64907300
0.73781264
0.68004501
0.59509552
0.59413671
0.68861938
0.73989487
0.71546459
0.65711164
0.55988240
0.70875424
0.74023837
0.58266497
0.77187765
0.67856061
0.67143345
0.80273372
0.71324313
0.66019171
0.73089302
0.51108879
0.61935246
0.65958399
0.74508989
0.73547679
0.67956746
0.55773032
0.73301637
0.59416997
0.69517899
0.70253956
0.75978053
0.88968074
0.62769204
0.57602906
0.77738744
0.72716439
0.61442178
0.62857240
0.64664721
0.60218465
0.83228612
0.75866556
0.62363172
0.81794763
0.58517027
0.83908665
0.65458250
0.77893215
0.84301972
0.66879040
0.61775821
0.52304417
0.85659826
0.69199240
0.68936443
0.73385698
0.66223890
0.71265388
0.57015502
0.80634475
0.67913401
0.71378791
0.87475419
0.57284260
0.49440208
0.72371775
0.59541219
0.73998588
0.51868999
0.78998721
0.55312067
0.66199309
0.82412565
0.66328710
0.71284664
0.73173571
0.58922660
0.50858825
0.60968196
0.83289623
0.62626874
0.81117499
0.66429818
0.68669343
0.64348435
0.77165025
0.59210527
0.73097044
0.53933364
0.59949040
0.71735233
0.46510959
0.80029237
0.60220551
0.70159113
0.73334193
0.45364094
0.59968811
0.63032550
0.54715687
0.65976399
0.59618407
0.66604388
0.80450964
0.87558568
0.47677505
0.41930348
0.69315088
0.61711717
0.72718048
0.53626370
0.70682359
0.68832111
0.63901770
0.88660920
0.66601813
0.82406652
0.56930113
0.68695474
0.72321332
0.63408971
0.51442242
0.59417272
0.69483578
0.63137400
0.58211398
0.54448944
0.68090427
0.84800887
0.55362141
0.66883123
0.63135189
0.61824775
0.72593403
0.63742906
0.60813171
0.66529000
0.61167431
0.82590455
0.60656476
0.60361522
0.82938468
0.58736682
0.58041286
0.69727302
0.60016334
0.61315989
0.55690986
0.71437180
0.78519988
0.60140043
0.69686329
0.69877899
0.68498713
0.53032744
0.75220490
0.65240669
