2.30201006
2.97162485
2.30266142
2.30137634
2.30228734
2.30108690
2.30859780
2.29884744
2.30331612
2.30438876
2.30083418
2.30669308
2.30579519
2.30064344
2.30424166
2.30294085
2.30402708
2.30382729
2.30656528
2.30203295
2.30366802
2.30416131
2.30063248
2.30085301
2.30216455
2.30179000
2.30346918
2.30192590
2.30156755
2.30197167
2.29910445
2.30233574
2.31672907
2.29900026
2.30008984
2.29798031
2.30062485
2.30200219
2.29712343
2.30030274
2.29420900
2.27683210
2.20820689
2.33007956
2.21248484
2.25193882
2.24240112
2.23263264
2.25407290
2.21260691
2.19884586
2.15444517
2.19303846
2.27980447
2.20484257
2.24297214
2.14186096
2.20623994
2.19448805
2.12554836
2.10533333
2.12362981
2.06047440
2.08750010
2.09368992
2.16975594
2.14921927
2.15845990
2.13887072
2.12847567
2.06068110
2.16330791
2.04382706
2.01228619
2.04243731
2.08753967
2.16445804
2.12658024
2.04281378
2.06479621
2.05467367
2.02311325
2.16082931
2.10477352
2.11549735
2.16428661
2.04357243
2.09925723
1.98370886
1.96081054
1.95849907
2.09116650
2.09784675
2.08787012
2.06882310
1.91451550
2.08848524
2.00394917
2.03064775
2.00670004
2.03377151
1.96565723
2.05285263
2.01868749
1.96395206
1.99416769
2.01901841
2.04025459
2.01857233
1.95574009
2.00007582
2.01015759
2.00847054
1.94688439
1.95298958
2.04224777
1.95091915
1.92984402
2.01339817
1.94203973
1.99752378
2.01533508
1.94780707
1.87625372
2.00620508
1.81111276
1.88965154
1.83733475
1.87123883
1.95412874
1.99503255
1.95438945
2.03651094
1.94433200
1.97538888
1.82127190
1.92099035
1.96664381
2.02702904
1.91703224
1.89802372
1.99921608
1.84248447
1.99502456
1.92668879
1.87382507
1.83057189
1.90634072
1.85158217
1.88711226
1.82376504
1.83391047
1.86539352
1.86720872
1.86685491
1.79446447
1.82766533
1.98246765
1.81763303
1.86876225
1.85738492
1.96340644
1.84512496
1.89112604
1.77503705
1.75078940
1.85446143
1.87406683
1.91335368
1.77660286
1.81989098
1.85822678
1.81636357
1.73276925
1.86901963
1.70633137
1.76466084
1.80933738
1.90440810
1.77114320
1.74455893
1.75222909
1.88961637
1.74879599
1.79176903
1.66363275
1.64863658
1.86017346
1.79114521
1.79394197
1.70531428
1.78848994
1.88231862
1.74218285
1.78913450
1.82569289
1.92928469
1.83458424
1.82999516
1.80356717
1.77911735
1.75100183
1.68885338
1.78443897
1.96805608
1.76164544
1.72629237
1.69636941
1.84862590
1.72826505
1.79890430
1.69530892
1.80313313
1.69824326
1.60177898
1.76990604
1.69081128
1.77921307
1.73437607
1.85376894
1.71764088
1.68842554
1.70608902
1.74185920
1.64769638
1.70388246
1.53295898
1.63909304
1.55790520
1.74481010
1.67736864
1.67975974
1.69809783
1.73142695
1.57528710
1.64263856
1.50212967
1.47681236
1.64237523
1.94633722
1.69386923
1.63995373
1.68957782
1.74146175
1.73254490
1.63422060
1.71048188
1.68618476
1.81316650
1.50629127
1.67955446
1.77634776
1.85089660
1.80107546
1.89811504
1.58648562
1.71839118
1.61935520
1.70976281
1.64180994
1.69405627
1.56715584
1.59826314
1.77734470
1.65166974
1.65317965
1.69200802
1.68215597
1.60822368
1.63047099
1.61173081
1.71577537
1.76869273
1.56416869
1.72480965
1.62889111
1.62900615
1.67240632
1.71827948
1.81550121
1.73798370
1.65636659
1.80791557
1.80546260
1.65318513
1.67386770
1.66199708
1.74350643
1.61678505
1.69539380
1.65893888
1.83980989
1.69978523
1.74203849
1.57346058
1.62382865
1.67719483
1.53107631
1.51544213
1.74782181
1.78726244
1.58884382
1.58580792
1.63056409
1.54384363
1.57628953
1.54552424
1.53036928
1.65710032
1.68051136
1.63188362
1.63626099
1.79661047
1.79601228
1.47541416
1.72039747
1.65788877
1.73081052
1.62946212
1.57197189
1.62789357
1.57521343
1.67641354
1.65417922
1.45235896
1.58834696
1.67844963
1.57832193
1.35418832
1.76221919
1.60728359
1.64277124
1.58232927
1.62646353
1.61006784
1.55961585
1.66412783
1.52218843
1.60667062
1.64143276
1.60456908
1.50734413
1.61007285
1.66650152
1.45374870
1.55628204
1.69529676
1.60257041
1.57474637
1.60282886
1.56622934
1.59567535
1.66176796
1.54992473
1.65298367
1.51139438
1.69380069
1.64574718
1.63319945
1.66669083
1.72742105
1.59302211
1.65835023
1.68668687
1.66302133
1.61343074
1.55442095
1.78646767
1.53014112
1.47911906
1.49235356
1.64775205
1.54496408
1.68217635
1.55473423
1.48533869
1.54723120
1.58032322
1.47695303
1.44560385
1.32998538
1.54456544
1.51629317
1.58748925
1.51447439
1.68575037
1.60143602
1.60754788
1.65226185
1.48311043
1.35390854
1.68821859
1.40800917
1.46707726
1.50191712
1.46326554
1.45762992
1.63392901
1.56090736
1.46937656
1.54571080
1.43979549
1.55552363
1.63898730
1.59686255
1.45949352
1.52763510
1.56030917
1.50530052
1.47558010
1.48558664
1.42983985
1.58367372
1.54492664
1.64960814
1.37844753
1.58842504
1.79293036
1.71683443
1.51989603
1.53353095
1.64858055
1.54870844
1.52382827
1.56811571
1.67611885
1.58683920
1.48904848
1.52986014
1.51014805
1.46084690
1.57461429
1.61280072
1.46390772
1.46814871
1.67585528
1.39475965
1.60674322
1.55202937
1.63186884
1.50850058
1.51193190
1.52132463
1.57438397
1.54736650
1.59546161
1.37372255
1.62071371
1.67827773
1.48859656
1.52845442
1.51466906
1.37318873
1.47274280
1.32548082
1.36144722
1.46417284
1.34048772
1.59767699
1.39659166
1.32685983
1.74773908
1.64529622
1.50007331
1.50541258
1.47672129
1.51595140
1.43985331
1.45037532
1.55469751
1.35534954
1.44559062
1.46874738
1.46692765
1.33287013
1.52670979
1.45740604
1.38434029
1.71368170
1.45141482
1.40350187
1.58351636
1.55293894
1.56963801
1.55853128
1.47895813
1.57076204
1.51874650
1.49594760
1.43367636
1.47432721
1.58531904
1.53074932
1.46901441
1.47361565
1.51799786
1.38824606
1.36288738
1.39528883
1.38879240
1.34263670
1.37964034
1.50066268
1.37279379
1.41451466
1.30272675
1.55427825
1.60629213
1.59106803
1.49026394
1.48634863
1.48303246
1.44647241
1.45934033
1.43535101
1.46608865
1.45750988
1.48216355
1.42730427
1.40478396
1.48623037
1.44149327
1.41789901
1.24644542
1.47214222
1.40238130
1.59258807
1.39752007
1.59903347
1.30619204
1.62022495
1.56786883
1.52646756
1.49759698
1.69067597
1.56525218
1.41292739
1.20315087
1.55402827
1.41136539
1.51453328
1.34755766
1.37192416
1.54173279
1.53177607
1.24493384
1.34405625
1.47941101
1.32114983
1.34965479
1.53007913
1.39326525
1.51444697
1.40723300
1.40819848
1.43151927
1.65188706
1.54086685
1.43469429
1.25666082
1.45822310
1.36317158
1.41394639
1.48339736
1.37317753
1.44567084
1.47264767
1.36032557
1.45268762
1.44347668
1.42734635
1.43912482
1.53756404
1.39545441
1.42091489
1.51687717
1.42459273
1.34244585
1.58795047
1.56540585
1.25191569
1.34179735
1.47302985
1.47194386
1.43939233
1.43768632
1.31323409
1.45974660
1.44552672
1.36861372
1.40222228
1.45996940
1.45826912
1.48911476
1.43981576
1.36311805
1.48129380
1.50416160
1.34193099
1.36084390
1.39381766
1.53060412
1.44283104
1.31617761
1.28213358
1.32464695
1.48753691
1.26910579
1.33220553
1.50264239
1.26995492
1.44245553
1.33919382
1.28425813
1.37725055
1.39777875
1.40251291
1.43900800
1.26879811
1.45714080
1.35205626
1.43621600
1.49292636
1.48405886
1.40946054
1.32344151
1.32099557
1.21591485
1.54521489
1.32204318
1.47898173
1.52880406
1.46449852
1.30775833
1.31143224
1.33701301
1.38270211
1.48314905
1.39367414
1.34572339
1.53680444
1.42721832
1.53044605
1.37061810
1.28106236
1.34423196
1.35407758
1.34983695
1.27271926
1.26446223
1.43633556
1.35391068
1.28047395
1.20284522
1.62470412
1.48724484
1.44316697
1.26666820
1.23922467
1.17151046
1.29971123
1.37674928
1.47936106
1.42520666
1.16820621
1.27391100
1.23382652
1.28781784
1.38902473
1.24936211
1.13134003
1.21553922
1.29681265
1.20543194
1.24716294
1.44929945
1.60463250
1.26568198
1.15665650
1.46801662
1.27530217
1.31514740
1.45052052
1.33292747
1.38667846
1.42231131
1.37424839
1.26635432
1.26765501
1.47446787
1.26889086
1.38415420
1.37932396
1.15565670
1.37244296
1.28898084
1.35598993
1.29775214
1.07806361
1.18285465
1.34318173
1.32666230
1.33965850
1.50598955
1.42049336
1.29380882
1.18100333
1.22433043
1.20789039
1.32111526
1.27145159
1.41892767
1.35859752
1.30983579
1.26841211
1.27498150
1.14953136
1.20563197
1.30177975
1.25129771
1.34999382
1.19823766
1.27443552
1.46701205
1.44547224
1.29374635
1.31432843
1.23654377
1.32952905
1.37189078
1.32891273
1.20678151
1.13530946
1.37094152
1.29729342
1.26245379
1.52076483
1.35327077
1.22697282
1.32242846
1.35138774
1.26865220
1.22641492
1.11753750
1.31434631
1.38259864
1.25059628
1.28023839
1.26702237
1.12129927
1.24625683
1.23617744
1.21209478
1.20009303
1.24093401
1.30037487
1.48454583
1.17799985
1.24676609
1.19505847
1.26654148
1.35896742
1.17947912
1.07519281
1.21208990
1.19518709
1.14558625
1.04056525
1.09803379
1.17423892
1.22639346
1.17958844
1.36834860
1.29057455
1.21705580
1.28295016
1.29051018
1.26061869
1.18369401
1.25183380
1.36436903
1.22892678
1.26032686
1.31436610
1.21298432
1.16685414
1.12445319
1.21579885
1.29995990
1.10090113
1.26609874
1.39397275
1.30926263
1.21701026
1.33882189
1.27316022
1.31713605
1.30351269
1.25113380
1.30255675
1.16340017
1.29389298
1.14871490
1.14142466
1.31627989
1.11668575
1.02712464
1.27144897
1.19101357
1.35083890
1.24277532
1.10035086
1.18206620
1.42899942
1.04529881
1.19844222
1.26727653
1.22655106
1.16069007
1.27128935
1.14138365
1.27021730
1.20080507
1.39133513
1.16996002
1.06694078
1.24087262
1.28605318
1.19370794
1.31943369
1.19098353
1.13530660
1.26113820
1.22424936
1.30096126
1.35993516
1.30608630
1.25797725
1.33030379
1.21145678
1.23717928
1.14858246
1.16005373
1.30468929
1.46535516
1.26058376
1.39811313
1.10088050
1.15157759
1.27636504
1.11823606
1.15753305
1.22125685
1.26943946
1.19737411
1.31923938
1.35457623
1.14315128
1.14454269
1.10747552
1.19519758
1.22484100
1.15993655
0.98279345
1.25099301
1.48076880
1.32911468
1.30166054
1.16257501
1.20369995
1.14363980
1.14275408
1.16764629
1.17545485
1.21072042
1.31572127
1.18031979
1.24195099
1.12238991
1.41556609
1.28922260
1.34167349
1.16076684
1.33545971
1.06531692
1.26221347
1.22517300
1.16960299
1.04812300
1.22114325
1.32660055
1.24805188
1.05787182
1.19636095
1.09372246
1.23020482
1.22470212
1.19045496
1.18731999
1.15415561
1.23173451
1.19247282
1.23179889
1.18121612
1.26935053
1.24948609
1.13123727
1.19508839
1.24387193
1.07315874
1.28089404
1.32423782
1.05958200
1.22640359
1.12865460
1.06491542
1.18531179
1.34799063
1.20432341
1.25779569
1.18053198
1.22936177
1.23461318
1.17615414
1.24446011
1.03280115
1.17869639
1.33676505
1.04446340
1.11455417
1.17873228
1.12973595
1.30478644
1.12056160
1.14773989
1.04033923
1.00867975
1.15767288
1.24603915
1.31259489
1.22108996
1.16706657
1.19052148
1.01284254
1.27300787
1.06442142
1.09024072
1.28316569
1.13246167
1.09385824
1.26629043
1.16394508
1.20218980
1.04655862
1.11340773
1.14770651
1.04889596
1.25271761
1.14977312
0.97503275
1.21389794
1.16527987
1.30759048
1.11243272
1.05926681
1.16700649
1.34950125
1.12811077
1.01504135
1.14246225
1.30755186
1.13845861
1.23473668
1.31219602
1.24667740
1.19006121
1.36957097
1.13082528
1.23139298
1.29602730
1.26738262
1.10940742
1.18592119
1.13730597
1.18692148
1.02438974
0.98187584
1.23511040
1.07139349
1.11193168
1.15671134
1.25963414
1.06080127
1.05591416
1.16090024
1.05973244
1.16395187
1.06276596
1.04427147
1.30516839
1.14486814
1.11187434
1.19304800
1.01213694
0.98146522
1.02984250
1.08434701
1.02098048
1.16943645
1.19215322
0.98845637
1.09809542
1.13126123
1.04207408
1.24157238
1.21064866
1.15233040
0.96062392
1.04753292
1.13217723
1.13032508
1.25505209
1.21415210
1.13435483
1.28241146
1.13825881
1.09414124
1.20851874
1.14105749
1.19046509
1.23809636
0.99275655
1.20582414
1.18439722
1.10552156
1.20184362
1.19104624
1.07672453
1.00719988
0.99982810
1.11294496
1.18069100
1.16663527
1.04123986
1.09937561
1.07688987
1.07115269
1.13192952
1.00885153
1.04373407
1.16727924
1.22569156
1.00416148
1.11139560
1.02281225
1.10914993
1.09891152
1.12849259
0.96456552
1.01663351
1.11029053
0.99824023
1.05010819
1.08542991
1.06221652
0.92915857
1.01014209
1.07348299
0.82097733
1.23274446
1.03146648
0.98864353
0.95771372
0.94301766
1.25716853
1.05018866
1.13488066
1.23370576
0.94544518
1.17911184
1.06268120
0.93917090
1.18380308
0.93466282
0.96630317
1.06248486
0.93766707
1.22061348
1.03866029
1.25879741
0.94457829
1.08116007
1.13816810
0.92892390
1.03858495
1.00367641
1.15196347
0.99334300
0.97939217
1.15178585
1.06585765
0.88264298
0.96473193
1.13223290
0.99847728
1.00702548
1.02673411
1.04435933
0.98343372
1.16572297
0.96816421
1.01357961
1.03012013
0.99685556
1.03026414
0.96524507
0.88316739
1.00092149
1.16741228
1.15098572
1.16855705
1.00011623
1.01749444
1.16873837
1.11543202
0.87071395
1.02901959
1.07488477
0.94248569
1.07920063
0.86458981
1.12036228
0.82552165
1.05688989
1.13183141
0.86429185
1.03314972
1.00526261
1.07572305
1.02379727
0.93170363
1.15667987
1.03703952
1.14506984
1.15783691
1.19606137
1.06660247
0.90016693
0.80055666
1.00940037
0.91355509
1.03447342
1.21462035
0.88025117
0.95091164
0.96357501
1.01454592
1.18311954
1.10759401
0.99015361
1.13405383
1.07360387
1.11814141
0.99865615
1.09589827
1.02757764
1.06418598
1.22942674
0.78404015
0.97600830
1.09906650
1.07883048
1.03828549
0.90557075
1.02535582
1.04160810
1.10002506
1.04792118
1.03342903
0.96494573
0.93768370
1.13584113
1.17538249
0.98354495
1.02488232
0.97566950
1.15634680
1.04730618
0.88620377
0.99002177
1.10255480
1.00322366
0.87285244
1.05652153
1.02313709
0.88786793
0.98707187
0.91013002
0.91620183
1.17868698
0.97652012
1.01382983
1.01618600
1.13927984
1.07523894
1.12417746
1.04470575
1.17860067
1.07255971
0.98170459
1.21248591
1.09978604
1.12434888
1.05110693
1.11590362
0.98618042
0.97039557
1.03181255
0.98143804
1.08635712
1.01290274
0.98655713
0.95030928
1.13803732
1.28071916
1.07516730
1.06477547
1.13335693
1.05936277
1.00603831
0.86574149
1.06071281
0.90223897
0.93069577
1.03077126
1.12084568
1.08030808
0.94454992
0.98487765
1.19461954
1.05835533
1.18933010
1.09246469
1.08886516
0.91313481
1.15241981
0.88953364
0.91641867
1.09458494
1.03325701
1.22530210
1.10469675
1.04412448
0.89984882
1.15992236
0.94461125
1.07149124
1.03596830
0.97161549
1.05171859
1.02163363
1.06752121
1.09900379
0.95497972
0.89100862
0.80889922
1.08765399
0.90109158
1.03030300
1.07743359
0.77169502
0.91449261
0.89555478
1.05622399
0.93411297
1.04784727
0.99724162
0.86508578
1.15900016
0.91989338
1.00436544
1.01427794
1.10422242
0.79716468
1.04193676
0.88077033
0.97908163
1.02176523
1.10277247
1.09333014
1.01078033
1.10140848
1.00330019
0.95445174
1.08672190
0.94110847
0.91712236
1.19620323
1.13638353
0.94614434
1.02635908
1.06106758
1.14537573
0.97407192
0.94789559
1.12671471
0.99776632
0.95145130
1.15878367
1.07506132
1.17586732
1.07169366
1.07534254
0.94707090
0.80857086
0.94230270
0.97416908
0.91999388
0.88990295
0.86898643
1.04097581
1.09918165
0.97083920
1.05539632
0.87653625
1.05352378
1.11941707
1.24503374
1.01063478
0.96983439
1.14382553
1.00797713
0.87626380
0.95317519
0.94396424
0.92879349
1.01656902
0.98325998
1.04229355
1.10582054
1.04085994
1.24120533
0.97938716
0.87397093
0.82838160
0.76406920
0.81046367
1.08979082
1.03535366
1.16073835
1.01570380
0.85717106
0.80293548
0.97278619
0.92396152
0.95200479
0.90156984
0.99049634
0.91796994
1.20676613
1.06413960
1.23868287
0.98959577
0.99023700
0.98440236
0.84925658
0.79762924
1.14186835
0.85620332
1.01424801
0.89382029
1.10934532
0.87657195
0.87844163
1.02903128
0.87194884
0.84019852
0.88254821
1.02317381
0.78252578
0.92607784
0.98486251
0.98947656
1.02179360
0.83252656
0.96485347
1.16593909
0.93207848
0.90848184
0.87845314
0.92069149
0.82125098
1.11659336
1.00738597
0.73586404
1.09287810
0.97243142
1.00529563
0.95354342
0.95603681
1.00725007
0.97201860
1.09111857
0.82033753
0.96558738
0.89319277
0.76282603
0.89785916
0.95725602
0.99567986
1.02409577
0.85945034
0.97804010
0.97437978
0.89398420
0.84124064
1.05355060
0.93588233
0.99237120
0.99850428
0.91989136
0.83653164
0.91517121
0.91569370
0.84934568
0.94616324
0.97185779
0.81467336
0.96597099
0.92516756
0.84677917
1.07499099
1.08740759
0.94005311
0.99072009
0.85796690
0.92095935
0.98863733
0.97132319
0.87805730
1.28393149
1.03744912
0.93059099
1.00288320
1.06378245
0.75611806
0.86623627
1.00129652
0.99217904
0.82266915
0.91066206
0.86913580
0.98559690
0.84898126
0.85945511
0.78406322
0.81232083
1.06918156
0.81299269
1.20660639
1.18102086
0.87607455
1.03808022
1.09779775
0.82635427
1.12997675
0.87815422
0.87514591
1.07651997
0.89452595
0.93706554
0.88012445
0.88657796
1.02179825
0.84799170
0.86519110
1.03914618
0.93497860
1.20464766
0.80493104
0.87137443
1.18147528
0.84227109
0.93740439
0.90639365
0.85715222
0.92792970
0.70600355
0.98832697
0.97623628
0.87242341
1.12886381
0.97041237
0.90530348
0.83725905
1.02237201
0.94829988
0.97523946
0.92952359
0.93673921
0.87967992
0.98759544
0.76573974
1.10285592
0.95454502
0.97677016
0.96757501
0.88192028
0.81481242
0.79824281
0.93601406
0.88241500
0.80404365
0.88040483
0.91595095
0.86452067
0.76802975
0.86038774
1.10978341
0.87729013
0.76056784
0.81568259
0.83414996
0.84070176
0.80450964
0.88228250
0.84578794
0.91191536
0.69999909
0.88449597
0.90899092
0.95335436
0.95536923
0.71985912
1.06271029
0.97557992
0.87828350
0.99733579
0.89276022
0.90234685
0.97845465
0.81725478
0.85405964
0.99964565
0.88549721
1.03411055
0.95582730
0.96880460
1.04879367
0.87268913
0.85728139
0.90078390
0.83556712
0.99442840
0.92297941
0.83585709
1.05044270
0.99018610
0.81446457
0.82374382
1.05261648
0.67655659
0.95634532
0.84729755
0.80868042
0.82142150
0.87928051
1.03164268
0.89308834
0.81815904
0.81961977
1.02404046
0.96354932
0.92285573
1.06901348
0.96434826
0.83041143
1.01500881
0.82803297
0.86002064
1.02941298
0.80480367
0.95880574
0.82652295
0.76512325
0.88965583
0.87468505
0.98695183
0.78253996
0.82912350
0.96536815
0.85387743
1.03350639
0.96661842
0.83726406
0.85595489
0.91101980
0.79233766
0.91254210
0.98142576
0.80449796
0.62159359
0.89280659
0.78190613
0.78370059
1.00276065
0.84900743
0.86217654
0.81821269
0.82340074
1.07511330
0.82293415
0.72900116
0.94427681
0.78093207
0.76581943
0.82120645
0.89771432
0.67448312
0.71501327
0.96662891
0.86675817
0.72810781
0.71064448
0.79787230
0.78531641
0.72910118
0.85669571
0.92923105
0.88751096
0.92607385
1.01149154
1.12246525
0.76732445
0.90460259
0.80650926
0.90469420
1.08920586
0.85667217
0.83178210
0.90419286
0.91373575
0.83013272
0.97837496
0.75963634
0.91984367
1.01453352
0.95685446
0.95862097
0.94866335
1.00881743
0.72733432
1.04418087
0.98048258
0.68322575
0.92157340
0.67100537
0.74844801
0.83329356
0.94690406
0.67657864
0.91913188
0.85882509
0.87391531
0.80776763
0.84497410
0.79344058
0.93283266
0.76536846
0.94603562
0.83941209
0.83493793
0.64215261
0.86230206
0.91465402
0.91224295
1.01677215
0.87438738
0.76348186
0.93325084
0.94811255
0.77937591
0.79846966
0.90288568
0.84869426
0.80127990
0.87713021
0.73281336
0.89605498
0.96916831
1.06372356
1.06905293
0.94404662
0.82425547
0.95665020
0.95410728
0.97363555
0.90252477
0.82200539
0.94494021
0.98406136
0.96293175
1.04245341
1.01040959
0.73695338
0.91569322
1.06190968
0.68660867
1.14584327
0.89802289
0.87809956
0.98666549
0.93260604
0.82849860
0.79054296
0.88237405
0.98563719
0.80480862
0.82962185
0.78563005
0.98354596
0.59356356
0.77736753
0.86457616
0.65457052
0.87671173
0.90616679
1.06465983
0.82132232
1.07609344
0.69074023
0.94901216
0.81151164
0.79508960
0.95760965
0.89328152
0.88608110
1.04935539
0.81043309
0.96044964
0.78950018
0.89170647
0.83500081
0.76767862
0.95047009
0.81430399
0.86186349
0.82238919
0.93244147
0.95886135
0.80992985
0.68106902
0.67459536
0.90578324
0.76428902
0.81864738
0.91579092
0.74649024
0.88248622
1.17011321
0.55128574
0.74948698
0.72762722
0.91758436
0.78706694
0.90768951
0.84613657
1.06832337
1.04565787
0.84728312
0.85808891
0.80152881
0.77340412
0.81461263
0.77668196
0.87443769
0.88270521
0.81551087
0.77951813
0.63990641
0.96126652
0.85647160
0.88266993
0.84463531
0.77786160
0.82634735
0.66053277
0.60976934
0.77464801
0.82762176
0.89410126
0.71138895
0.80461204
0.83480752
0.85516369
0.83565855
0.74823225
0.85099018
0.96984160
0.71580851
0.79788113
1.02333426
0.93968397
0.79644012
0.80774379
0.90256488
0.93344009
0.79761750
0.64878595
0.85920954
0.78047538
0.90589845
0.92419714
0.84985518
1.02282619
0.81774712
0.86660922
0.65839922
0.81936914
0.71660924
1.03596473
0.77334082
0.69760394
0.96462369
0.83111185
0.65140373
0.91516221
0.78522277
0.83778018
0.82669657
0.90301323
0.77176517
0.74493903
0.54869485
0.83961010
0.97469759
0.65771115
0.74314731
0.77183509
0.87169009
0.89920354
0.73459518
0.81978834
0.93556613
0.88549447
0.82690918
0.71768928
0.85602683
0.78038645
0.73788548
0.66543812
0.78407681
0.87458551
0.80272186
0.83523905
0.78044349
0.89168799
0.92415208
0.82017434
0.94299954
0.88566273
0.81087595
0.74322200
0.70900655
0.76052308
0.78890198
0.88160646
0.81374210
0.73200786
0.78128082
0.78174174
0.75106341
0.76790822
0.76602793
1.00830400
0.89451844
0.84440631
0.91867042
1.07337976
0.90569121
0.78370905
0.92252839
0.83516127
0.96189308
0.83874130
0.83201361
0.82696646
0.91213226
0.87917143
0.72580498
0.87024844
0.86174518
0.84490162
0.72545379
0.88980812
0.82681262
0.98795164
0.73016924
0.94941413
0.96996969
1.02015722
0.87611055
1.11119342
0.81226730
0.75255978
0.87752783
0.89099634
0.74636763
0.90496266
0.84602594
0.80837846
0.82168770
0.65704441
0.88645184
0.63716638
0.73711777
0.81012034
0.60425472
0.79338211
0.77287012
0.99637073
0.70106363
0.81907082
0.83017576
0.77915418
0.86320543
0.83331478
0.84312284
0.77508885
0.77295208
0.86844057
0.92235303
0.95453751
0.81231797
0.76565194
0.83784556
0.73609239
0.86710048
0.83370507
0.98131448
0.77927983
1.11856842
0.77776623
0.98817623
0.68148172
0.92740965
0.77278936
0.71198487
0.81568450
0.69729865
0.78969789
0.70336890
0.82613271
0.71986616
0.95738477
0.91729611
0.55201840
0.84849083
0.77369082
0.81590027
0.84079278
0.67821729
0.72607547
0.84060276
0.81801105
0.83326536
0.81980217
0.55345309
0.86085415
0.83476889
0.83461779
0.76548666
0.82152480
0.71853244
0.80607069
0.95225632
0.91207659
0.91186625
0.76941150
0.76932776
0.78488457
0.73717880
0.70505440
0.86166978
0.93214905
0.82117331
0.81626952
0.69528961
0.80208349
0.91060054
1.06114626
0.74804890
0.77455795
0.90727103
0.69278049
0.87930691
0.71294612
0.72130013
0.70049238
0.85418761
0.75539386
0.68990934
0.85743487
0.74908102
0.79821372
0.85863495
0.80321676
0.84455776
0.78333449
0.65909493
0.91556549
0.82380927
0.77878571
0.63998950
0.99382329
0.80528218
1.00988626
0.80721927
0.74419212
0.87181699
0.78320312
0.96505147
0.69897664
0.78701329
0.77249062
0.72506607
0.84736276
0.78357053
0.89513439
0.53633654
0.82943678
0.84778070
0.84113240
0.89480841
0.74170804
0.74721634
0.70817709
0.69155067
0.96033961
0.83521789
0.89124846
0.84144950
0.78007871
0.82069480
0.99098051
0.71466029
0.82790363
0.84307271
0.54477310
0.92533302
0.94092256
0.76084113
0.75085783
0.67893159
0.94293684
0.69521916
0.57954806
0.79149455
0.72113144
0.72259104
0.81668377
0.77408481
1.06306946
0.74897933
0.76614910
0.86535203
0.99728042
0.80356550
0.83179116
0.74429637
0.69971180
0.85138786
0.73355609
0.84041214
0.86044014
0.74671489
0.79620618
0.72603434
0.85841417
0.94934845
0.83941698
0.80609548
0.85478926
0.70150846
0.69207317
0.70298123
0.67123747
0.76517892
0.86331630
0.80461091
0.58953178
0.84493250
0.88884062
0.64902377
0.76461285
0.87881511
0.85878038
0.71762127
0.86518562
0.62751174
0.76158869
0.73894995
0.71082091
0.79394150
0.89651525
0.95172954
0.69635832
0.73270321
0.73926568
0.71155953
0.83587813
0.79258305
0.68697357
0.87871307
0.84915400
0.71288967
0.77099591
0.86799788
0.89304519
0.71556151
0.83071053
0.68945855
0.73547804
0.88819134
0.82585979
0.70282710
0.66170895
0.92419499
0.66563570
0.86863589
0.89115262
0.75073940
0.70487428
0.69646567
0.90615308
0.76285577
0.75608599
0.76643229
0.70410943
0.65262473
0.77189994
0.67440867
0.82553506
0.74846160
0.66055036
0.66010845
0.64098489
0.81152636
0.69463432
0.58454227
0.69783956
0.80772960
0.69923133
0.65460837
0.83298188
0.80665374
0.73283941
0.67347461
0.69821173
0.73333883
0.75306290
0.92505121
0.81840730
0.67690349
0.80077600
0.79107189
0.75012302
0.65619278
0.89635813
0.86572599
0.73637396
0.73130774
0.69372785
0.63631761
0.77510893
0.68501264
0.79721832
0.57131457
0.88075674
0.71309936
0.76173580
0.66083044
0.56210649
0.78241163
0.60788804
0.70474732
0.77692640
0.84584486
0.66816831
0.68754619
0.69245958
0.72044647
0.76179689
0.78798616
0.62227714
0.78555703
0.55119312
0.64843249
0.87956119
0.72005641
0.58153176
0.60131395
0.61122960
0.58462089
0.81647825
0.60518217
0.79045153
0.81181920
0.93454707
1.00581598
0.64843512
0.76820552
0.62234694
0.76380855
0.70689517
0.62598658
0.70314640
0.77665412
0.78193098
0.77679503
0.81387395
0.66445529
0.81100166
0.72751045
0.59711480
0.78396612
0.80736589
0.72465557
0.78999126
0.82222396
0.51678050
0.73781204
0.74735802
0.77385968
0.63410747
0.72616589
0.77809733
0.82265234
0.75239050
0.79753935
0.69930983
0.60651642
0.77983940
0.69928014
0.59954751
0.69381285
0.77730954
0.63421416
0.80417538
0.67351037
1.02575696
0.73204273
0.82770592
0.79076815
0.67524260
0.82719994
0.65767992
0.85953569
0.62687749
0.75697696
0.76565170
0.85208160
0.88711584
0.82102060
0.67740840
0.62968194
0.81039631
0.69422805
0.68109787
0.79299259
0.74091107
0.78338540
0.78336918
0.90153837
0.72240895
0.90448987
0.71032536
0.71066141
1.00321460
0.68583721
0.71230531
0.66716325
0.80492246
0.73164064
0.65525544
0.81905365
0.81329834
0.77912492
0.79135764
0.75134337
0.66281301
0.73352104
0.93633085
0.90432274
0.97277057
0.85029739
0.74864101
0.81882405
0.77682257
0.75119603
0.71228004
0.74955416
0.77712929
0.92300534
0.66448557
0.81977534
0.81422377
0.68951023
0.88385791
0.82568491
0.56007624
0.72785211
0.77341378
0.70919228
0.90155947
0.78174233
0.82519937
0.78751826
0.77413851
0.61025399
0.76822990
0.99672025
0.85335875
0.74973786
0.72238356
0.53305674
0.92786199
0.79047281
0.87449694
0.72880590
0.82373452
0.84485412
0.69619417
0.75732744
0.69331461
0.78231442
0.68685603
0.89149332
0.61165583
0.57964522
0.60220438
0.64381790
0.76112813
0.71091187
0.74032569
0.74975508
0.70003569
0.87749964
0.57375240
0.68095028
0.82444084
0.78736222
0.92870098
0.73690283
0.65802205
0.88536054
0.71889752
0.76136494
0.64010000
0.69256449
0.70004243
0.71999431
0.77349937
0.68370765
0.79166400
0.74426055
0.67821932
0.84643221
0.74738371
0.68804312
0.80591834
0.78176427
0.75817955
0.65144014
0.81335109
0.70181751
0.58749104
0.71686828
0.76294768
0.61877364
0.95203674
0.75361991
0.64482367
0.78941524
0.66270137
0.64117390
0.71411467
0.69739878
0.76415384
0.79714930
1.00317895
0.68072331
0.55230618
0.79958272
0.73370093
0.73116684
0.65851480
0.83022797
0.71615124
0.65994191
0.70170617
0.77371985
0.75180590
0.55806088
0.78508437
0.68886757
0.76927048
0.62469304
0.76181835
0.68506354
0.68483341
0.83195555
0.94131052
0.55482149
0.62908781
0.83083618
0.76293492
0.81980532
0.69702250
0.66214120
0.76202691
0.78789997
0.77995098
0.80419266
0.79298294
0.66884559
0.70543557
0.76416636
0.74489737
0.76157618
0.78514820
0.96185470
0.65144539
0.60327935
0.70596290
0.95293415
0.60739374
0.57188648
0.75797796
0.53572649
0.76150841
0.87776721
0.74959898
0.92825425
0.61171025
0.73590177
0.85204899
0.77875227
0.72463620
0.73729992
0.75556320
0.65845776
0.65933669
0.77204710
0.61428958
0.66734457
0.69123113
0.81788528
0.59485906
0.70419651
0.71357608
0.57298076
0.68366897
0.64573026
0.61512494
0.62404037
0.71881849
0.77711338
0.63575649
0.71503234
0.69888246
0.73521554
0.66242814
0.63948929
0.58280432
0.63561279
0.58425027
0.66781908
0.58778596
0.64755750
0.54764962
0.67644471
0.78222275
0.67849439
0.64030266
0.51333374
0.76963896
0.71932238
0.63470435
0.65413439
0.70392621
0.68365800
0.80770534
0.67241579
0.61122394
0.88634408
0.77465183
0.92445648
0.75333250
0.71706080
0.69233358
0.70470297
0.63716477
0.58975124
0.79053724
0.69927132
0.71105307
0.61681587
0.64352727
0.75419730
0.76090223
0.45009807
0.64028400
0.72045755
0.60080951
0.71094853
0.90697443
0.62186980
0.76331395
0.54226327
0.68625480
0.71339965
0.77607226
0.65123820
0.69761586
0.71941656
0.62507534
0.84973747
0.66696143
0.71323538
0.71641183
0.71349561
0.71885908
0.66039747
0.54639864
0.76756305
0.65267527
0.75740182
0.75128412
0.57655102
0.68992960
0.91951501
0.87306893
0.79991990
0.70724177
0.56864339
0.73281187
0.62714040
0.75615561
0.71598274
0.75569052
0.68729883
0.59867001
0.84462905
0.67549181
0.67780310
0.86911106
0.67339838
0.75978035
0.62767756
0.61070949
0.86348212
0.78766763
0.53359240
0.78223372
0.74669707
0.59639204
0.70104074
0.86700213
0.88335204
0.86886746
0.74968386
0.52756178
0.64572012
0.73196095
0.74206650
0.88032341
0.76609808
0.58917171
0.65187359
0.72267294
0.75299615
0.78753269
0.62731552
0.78276873
0.78042579
0.73938018
0.71890420
0.80971110
0.70545799
0.77864611
0.68721640
0.63061345
0.82878691
0.70662618
0.69138539
0.71310163
0.56006551
0.86679268
0.67224252
0.74338365
0.79785013
0.78214115
0.61912477
0.74114424
0.78166902
0.74028087
0.58064365
0.65591693
0.71855837
0.59759277
0.83626974
0.70974100
0.71254385
0.82915288
0.83049476
0.66059864
0.66143978
0.58571005
0.76322520
0.69383180
0.75095797
0.61833107
0.70468634
0.59030098
0.80398422
0.57990038
0.70725143
0.70783395
0.82516825
0.70442665
0.59059215
0.50582939
0.84120834
0.79217529
0.64701271
0.67427260
0.58074266
0.58697629
0.81020403
0.69459075
0.63502109
0.64515448
0.64985818
0.71455342
0.80123788
0.66174227
0.61194837
0.78608865
0.76693928
0.68633842
0.94479120
0.76442009
0.93597692
0.53971559
0.57499719
0.80022115
0.75161320
0.71127301
0.70473891
0.61653239
0.62061894
0.60123158
0.60150754
0.72591722
0.71700197
0.78004909
0.68119538
0.60866487
0.62838590
0.68345749
0.78766310
0.64776945
0.77903676
0.63279462
0.72528458
0.67995274
0.64349848
0.70510566
0.70071512
0.64777625
0.69821233
0.61890197
0.71254689
0.68872213
0.72904372
0.70690179
0.62747324
0.73083514
0.69848353
0.76557720
0.64061242
0.61232448
0.64180416
0.75165772
0.58543468
0.71832645
0.74742615
0.71894598
0.76694143
0.64991021
0.82301486
0.51743639
0.67668420
0.80443108
0.69985580
0.68562287
0.71351886
0.55674088
0.63627124
0.69589061
0.63008183
0.71679693
0.56520927
0.69397789
0.50996459
0.64679748
0.84764683
0.62756670
0.73210847
0.71852493
0.68907851
0.63902628
0.54204321
0.75213730
0.68494904
0.73199314
0.69222176
0.66956651
0.79486310
0.71309227
0.76069033
0.70413840
0.55935645
0.60361302
0.79593432
0.69461548
0.81120509
0.55504465
0.77936459
0.73768950
0.81067574
0.77029610
0.86824358
0.80839312
0.75677949
0.57272369
0.63291860
0.89754093
0.83007944
0.73482108
0.66359413
0.73531729
0.62807405
0.70607793
0.65501219
0.71714890
0.53650486
0.62855393
0.58921373
0.67163211
0.64579165
0.77839744
0.82452756
0.93257219
0.59894544
0.76968056
0.68701601
0.93039930
0.53096384
0.77524662
0.68163496
0.68774796
0.70957011
0.71249688
0.80651104
0.67216980
0.54852492
0.62381870
0.77610004
0.80605376
0.72703516
0.64615977
0.54952139
0.72879153
0.53969216
0.86031282
0.59133196
0.81699920
0.94607401
0.51247406
0.73490369
0.66636997
0.65148884
0.75392580
0.72761542
0.66816950
0.70406735
0.78931403
0.67533052
0.65345168
0.85554087
0.62731576
0.69337636
0.64927745
0.71995533
0.88425088
0.65735984
0.68914199
0.56305385
0.98581582
0.68690002
0.53519356
0.79219192
0.79629052
0.56987882
0.69440448
0.72755158
0.70908594
0.67519718
0.63621110
0.56460810
0.59452546
0.65635544
0.58968163
0.66819310
0.66863608
0.61108851
0.60587442
0.54310882
0.55438608
0.69545960
0.65957260
0.72398722
0.58564496
0.45344007
0.78557932
0.63256621
0.84606898
0.61896634
0.63016009
0.72449780
0.72026598
0.59636897
0.70638621
0.71793646
0.60959506
0.56243545
0.58864355
0.78364086
0.74107051
0.55239177
0.77411413
0.68948060
0.67864275
0.54112709
0.60671246
0.69421935
0.64281952
0.63031799
0.67420805
0.65047574
0.78907418
0.60943747
0.71459126
0.72934902
0.84198922
0.65067059
0.62367654
0.56417400
0.53100801
0.56378222
0.56529272
0.56271076
0.56069177
0.66875196
0.67471492
0.66203177
0.74808866
0.60035253
0.45260203
0.77905321
0.65117240
0.49673161
0.63458908
0.96249062
0.52079672
0.77027714
0.83170855
0.76001430
0.73373294
0.80826032
0.84082174
0.68702704
0.57195365
0.55341387
0.55779755
0.58088940
0.75814170
0.65685678
0.61785918
0.70446360
0.55722195
0.49655429
0.75187701
0.66940755
0.62693143
0.53145725
0.61396950
0.66942549
0.55899465
0.63299358
0.81361806
0.67178410
0.66282403
0.33586949
0.63342345
0.67019689
0.62125790
0.80405945
0.70212233
0.68623686
0.72381747
0.53611684
0.52438378
0.65420049
0.56682253
0.63507581
0.68970048
0.58853495
0.62682843
0.53644753
0.67717433
0.69646275
0.60035598
0.72628599
0.57597470
0.63462955
0.67444801
0.63115907
0.66980433
0.49375147
0.66192281
0.60104299
0.75999695
0.61430091
0.59202331
0.61165488
0.58665693
0.60828328
0.63371873
0.65563178
0.58732116
0.68676180
0.69476837
0.49669111
0.68575114
0.72864836
0.50211787
0.80603510
0.79508883
0.63724500
0.68656707
0.83640194
0.56548083
0.79421753
0.82497811
0.83615255
0.77687132
0.59463394
0.60365927
0.72185910
0.71151698
0.61320245
0.66493130
0.63814783
0.69886684
0.56432748
0.66187781
0.78429759
0.64464962
0.58885098
0.72880006
0.67767656
0.73031986
0.57770377
0.66613162
0.68607700
0.61294258
0.59351194
0.74296749
0.49012113
0.68493813
0.64861619
0.66248798
0.65249586
0.73160428
0.43325543
0.60519475
0.68170500
0.79136264
0.74577713
0.74248803
0.63882136
0.55478811
0.62966394
0.85457534
0.68929303
0.86016494
0.75882280
0.77469981
0.65698493
0.53001976
0.68915343
0.67060161
0.70891440
0.66729623
0.64459693
0.63241267
0.63726902
0.59129822
0.56187117
0.67060542
0.68194175
0.61516023
0.54367352
0.69576645
0.61005688
0.91581845
0.54542470
0.64997149
0.65939534
0.52026892
0.66193426
0.62764764
0.64043963
0.70582336
0.76781142
0.76082659
0.68179107
0.93311971
0.80552387
0.76132214
0.55745399
0.72582603
0.61427712
0.73015332
0.58064145
0.67661113
0.53454554
0.77344382
0.55856907
0.57056558
0.64345062
0.78488278
0.61232483
0.73486108
0.69993144
0.72632241
0.68713784
0.43487850
0.61333096
0.70721567
0.90285712
0.69157571
0.66293478
0.88954735
0.71911156
0.78940272
0.76422238
0.58428073
0.70839596
0.68025023
0.55272770
0.61517501
0.57122934
0.66066229
0.71552348
0.51063132
0.72062212
0.64271390
0.68793571
0.58644331
0.56365889
0.45329165
0.56561011
0.76597536
0.42727211
0.56899488
0.87905967
0.55915385
0.77395344
0.72908950
0.75352317
0.61024559
0.81272256
0.59521902
0.59338522
0.48826906
0.66015023
0.53755295
0.56758761
0.72129035
0.70334184
0.66716850
0.59558356
0.62308204
0.66796309
0.72949612
0.66531682
0.69467092
0.60584486
0.49981481
0.66132379
0.57999945
0.48745441
0.69233674
0.66479415
0.59697962
0.78067565
0.71018642
0.60747027
0.67863894
0.65277922
0.51528287
0.57915759
0.51792252
0.82876343
0.80364007
0.80526781
0.61608231
0.72615576
0.57075822
0.63295287
0.53052723
0.53320074
0.57904130
0.55165112
0.62493235
0.65667653
0.71697909
0.52508235
0.59758180
0.51021767
0.57080972
0.58360732
0.60393190
0.83608043
0.57357150
0.58605206
0.66882992
0.83340168
0.60860562
0.54391664
0.50741833
0.60986286
0.65124083
0.56316781
0.69605041
0.65828872
0.69230521
0.47896633
0.69864321
0.69129097
0.73875463
0.64491063
0.60632282
0.50507504
0.51448160
0.77318716
0.46886271
0.64586878
0.54619664
0.57643831
0.60340869
0.74567372
0.53085732
0.63353133
0.58924091
0.77667803
0.50290763
0.62089640
0.64519739
0.72010332
0.71193373
0.77891397
0.69897687
0.74463904
0.65827394
0.73972052
0.63541377
0.60987204
0.82955635
0.65309203
0.67062724
0.71788502
0.52647042
0.57442319
0.70642161
0.55805957
0.59374917
0.56229806
0.63785434
0.53557527
0.67098773
0.68056679
0.56840253
0.64383996
0.51139390
0.67931861
0.44031042
0.59485334
0.59734356
0.61243176
0.56340116
0.66339123
0.47880775
0.58912039
0.77764702
0.70969117
0.53736103
0.63015807
0.69649208
0.77386826
0.66919303
0.79869664
0.76174068
0.62124276
0.72300589
0.68071628
0.58023793
0.52675080
0.59554434
0.59719872
0.52363777
0.66991901
0.77483702
0.60845602
0.54862130
0.48745367
0.50711578
0.64689755
0.54616445
0.74233377
0.66814065
0.65007293
0.51436734
0.79103291
0.65455282
0.67207241
0.60472476
0.58686328
0.74728787
0.70640457
0.66155243
0.65123314
0.52001190
0.53192604
0.61094189
0.63793164
0.47922194
0.71574360
0.63696438
0.73294276
0.52863592
0.55052745
0.59913951
0.63812220
0.83814669
0.48168457
0.62249875
0.68871593
0.60808676
0.63868088
0.48110634
0.67505974
0.64063668
0.61452091
0.49883652
0.63265204
0.64893675
0.58653468
0.62472880
0.45154366
0.59043288
0.65813231
0.64851844
0.48143685
0.64414281
0.55650318
0.48464754
0.56680918
0.48997185
0.53682894
0.62611914
0.49707776
0.55218041
0.90830982
0.65605432
0.70040023
0.61722028
0.70374823
0.46723139
0.70455492
0.59163469
0.54845583
0.53129852
0.63444901
0.50659764
0.58481628
0.56473517
0.57048476
0.66251385
0.75496769
0.73287642
0.58360082
0.62684280
0.67431235
0.42182207
0.59868020
0.61641753
0.67653441
0.55172670
0.65309960
0.83471751
0.61628830
0.61159939
0.67896289
0.64493358
0.53195477
0.55771518
0.57831204
0.57614404
0.62455773
0.65006572
0.60816240
0.66663218
0.64322048
0.67050302
0.53894764
0.72082323
0.57926619
0.61293620
0.58701956
0.48062035
0.58782029
0.70719945
0.49353179
0.62616807
0.58770287
0.64953327
0.54895914
0.63451219
0.56926048
0.82814682
0.56914985
0.71327829
0.46890825
0.59288800
0.62009776
0.56855589
0.86161149
0.62247348
0.61648607
0.72680682
0.55025333
0.74697369
0.71070242
0.63129073
0.62867844
0.63954508
0.57616073
0.49871787
0.62705678
0.80813885
0.53114784
0.64747059
0.54330415
0.41590738
0.72586626
0.60242581
0.69562340
0.54218829
0.69852734
0.70698488
0.61621928
0.45925689
0.59276998
0.45387924
0.53657991
0.49671686
0.80044317
0.66383660
0.67922646
0.58309746
0.62350309
0.58834183
0.45804149
0.57278800
0.75794744
0.48527086
0.68455303
0.57649922
0.73006988
0.65883142
0.58231795
0.45176429
0.60213572
0.58726001
0.57346803
0.74994189
0.58131504
0.61578882
0.56882727
0.58296770
0.64484346
0.60035503
0.63108915
0.59167159
0.57122654
0.58380324
0.74559426
0.38385496
0.55463696
0.52260053
0.67023885
0.67500770
0.62394774
0.54276901
0.47232562
0.59487534
0.55341303
0.48672566
0.69208521
0.58471781
0.55537951
0.62542617
0.76351297
0.67686594
0.66633606
0.53064138
0.68072665
0.48320916
0.71477830
0.58004987
0.91202092
0.54930359
0.66017169
0.74837530
0.62402081
0.51221234
0.52521878
0.65924263
0.59084743
0.72082317
0.57949007
0.69052303
0.43295220
0.57100487
0.60520864
0.64774966
0.65524840
0.57925826
0.56297064
0.68694711
0.72879010
0.69708455
0.63817692
0.66583896
0.59119171
0.53706205
0.69578552
0.55264533
0.63885361
0.71388340
0.70227778
0.79804027
0.53520417
0.61252177
0.68639237
0.54553342
0.68017697
0.56032050
0.66480792
0.75939667
0.64462161
0.49243170
0.57497764
0.72429538
0.56754351
0.71670365
0.74592423
0.73126996
0.88218170
0.69774699
0.69425917
0.67193210
0.70113081
0.71637338
0.67601788
0.60048437
0.66512811
0.77266997
0.81443572
0.74580973
0.62733483
0.59733415
0.57703876
0.52437270
0.65145779
0.56146181
0.74131274
0.70103002
0.64273858
0.65224206
0.66789627
0.52684164
0.58886778
0.78824151
0.81046009
0.54756558
0.53410488
0.57535517
0.57721031
0.77117980
0.64759880
0.53579187
0.63140529
0.58992583
0.52956617
0.48777062
0.55214542
0.61509353
0.64848781
0.55092406
0.67445409
0.49510151
0.51156986
0.46522856
0.54363275
0.41344100
0.69356620
0.63513583
0.57239634
0.70769250
0.68682599
0.51757860
0.55605668
0.66504025
0.59679008
0.51347470
0.54246336
0.61375082
0.77024317
0.57069880
0.44171506
0.61919540
0.66548407
0.50297374
0.57113290
0.65872973
0.57288110
0.65771902
0.45636457
0.54516220
0.41840458
0.59665167
0.53870010
0.46066177
0.45745713
0.57481873
0.50581932
0.65213841
0.60133910
0.52159041
0.88611209
0.63264292
0.70465529
0.57462502
0.57044005
0.64207399
0.62272769
0.64862585
0.56740111
0.73588383
0.69015646
0.55861205
0.70221925
0.41294882
0.64832544
0.48692992
0.72018850
0.61506295
0.48053521
0.54238641
0.46551943
0.64142740
0.55661356
0.65023106
0.42119291
0.69282800
0.62259215
0.50065291
0.63200772
0.53794253
0.63810319
0.51826096
0.57292914
0.42707127
0.68418252
0.56163907
0.53655249
0.51533157
0.74754107
0.71018285
0.67597437
0.66305578
0.67425889
0.58356607
0.62082642
0.55322266
0.59010255
0.54916096
0.54065990
0.54231411
0.79652208
0.46349138
0.62428153
0.53899705
0.49666297
0.55221045
0.62708604
0.60938835
0.61850369
0.73894143
0.51008767
0.51740241
0.56313092
0.62434453
0.71017700
0.55846721
0.52970892
0.70760834
0.56147414
0.50025171
0.65183455
0.60598028
0.52772963
0.71382451
0.65110332
0.65673685
0.45849925
0.74468923
0.57446826
0.53395820
0.64946258
0.65651709
0.63965708
0.51868135
0.58859956
0.58579469
0.50904608
0.37408954
0.70894974
0.58922821
0.41097376
0.61994106
0.53819245
0.61232281
0.58158338
0.63354713
0.46084055
0.50021625
0.72495300
0.67102510
0.57852590
0.52999938
0.60115981
0.57755029
0.58797395
0.55680186
0.76748538
0.64890575
0.60779643
0.52319264
0.48991358
0.72364974
0.50195819
0.68806970
0.47613728
0.59880662
0.50537342
0.51775473
0.66636550
0.48957443
0.57515526
0.58751047
0.53613019
0.56032652
0.62052250
0.49328882
0.52437520
0.45255327
0.62651992
0.54671806
0.61563277
0.45739895
0.53817785
0.51481086
0.65118134
0.42592442
0.67963475
0.57186627
0.55833924
0.52590716
0.54158330
0.70268303
0.47154772
0.56394172
0.49772409
0.52666080
0.42482141
0.47278827
0.47951460
0.67271018
0.59014273
0.76137817
0.45021462
0.71418345
0.60365105
0.75115454
0.54740340
0.43877575
0.54077858
0.55885112
0.60760212
0.44860232
0.68789518
0.66333449
0.67028117
0.52865154
0.76562929
0.77480423
0.46603858
0.68311834
0.50580609
0.64381361
0.56153476
0.73027658
0.59750038
0.60595059
0.61798346
0.56621295
0.52303267
0.47224033
0.51836085
0.73271322
0.59513760
0.69683182
0.42361727
0.60393834
0.69087529
0.37128145
0.55602479
0.57481158
0.62105453
0.61595619
0.54157215
0.71307683
0.67284316
0.67315388
0.44355512
0.49857855
0.61746907
0.56237870
0.61252946
0.59839749
0.59454387
0.47728074
0.48028067
0.50249630
0.57264900
0.61416727
0.55992293
0.63760149
0.69185853
0.58409262
0.69943905
0.64529634
0.48768929
0.47529644
0.59150988
0.49039727
0.63755035
0.52271509
0.74610198
0.71534228
0.76797646
0.53508615
0.57214046
0.48806167
0.52307522
0.55973190
0.65820241
0.70132697
0.63833416
0.48143405
0.46579707
0.54703337
0.68524981
0.65180767
0.58222783
0.50248379
0.57538164
0.53450704
0.60426986
0.54565096
0.58852983
0.65817308
0.59924924
0.59329140
0.49033189
0.58443743
0.29306939
0.47268897
0.63744926
0.61308146
0.51155514
0.61714703
0.52706110
0.46347791
0.55291593
0.74467921
0.43011117
0.41587245
0.57522523
0.50734466
0.51933718
0.60248566
0.56764662
0.54292756
0.56364298
0.60800457
0.70526934
0.53501630
0.67083985
0.61117280
0.65231007
0.54567456
0.57692653
0.70693737
0.55956030
0.47633800
0.65646118
0.62683451
0.60318428
0.75810695
0.62957621
0.71695566
0.57841361
0.48181045
0.48214683
0.57776010
0.55034840
0.51959026
0.58569318
0.51457250
0.56192088
0.80190098
0.63802212
0.68226933
0.75551361
0.67405629
0.65627921
0.53911066
0.54134780
0.62150121
0.52923745
0.55835778
0.47677690
0.51557255
0.48157424
0.63575721
0.55320930
0.58462536
0.42638928
0.44115391
0.54832542
0.56709230
0.59519625
0.54951406
0.50718904
0.55796236
0.50015128
0.62528110
0.63335198
0.46910483
0.45580634
0.40362185
0.56150883
0.46781820
0.47022334
0.70484769
0.47305542
0.49921626
0.63064301
0.70180684
0.47444379
0.60143399
0.66810274
0.58893192
0.46234137
0.67152631
0.51242465
0.58125681
0.50226665
0.43322569
0.65950167
0.39622536
0.56163186
0.55045402
0.51260757
0.46392342
0.35842869
0.38236335
0.57956475
0.48909289
0.55980408
0.47382247
0.51995313
0.59200406
0.52991992
0.51042008
0.49257636
0.54961425
0.60117787
0.55137551
0.46807358
0.48856950
0.65731919
0.64776868
0.62596881
0.49363199
0.55035555
0.59018397
0.68521893
0.45089546
0.66992021
0.57393253
0.51405299
0.57090914
0.60990435
0.64547074
0.56170940
0.58316368
0.46161452
0.46671692
0.55049026
0.59911507
0.60475105
0.64839512
0.72633851
0.40258056
0.54915679
0.70322913
0.61042851
0.55053627
0.55580479
0.46152985
0.67090738
0.47765964
0.58593833
0.44039813
0.52245212
0.54337519
0.54745662
0.53555703
0.69003975
0.53819853
0.62781870
0.55516094
0.55775857
0.68689942
0.57742786
0.46838522
0.47936785
0.59193975
0.54828209
0.49363372
0.38145125
0.49274027
0.64375222
0.59127885
0.40682289
0.59076107
0.44947058
0.43229872
0.50865728
0.45435667
0.54584783
0.52805972
0.70940864
0.76840127
0.64979708
0.76799542
0.47223800
0.49993223
0.56601822
0.64077067
0.74075449
0.60231602
0.63296157
0.64492309
0.54105997
0.49328834
0.58891010
0.55986637
0.66313130
0.52566791
0.51707846
0.52208066
0.71096587
0.67936254
0.41072375
0.52181649
0.57666111
0.67351013
0.91115993
0.65756232
0.51433784
0.72327703
0.81573445
0.44606674
0.59922743
0.41870424
0.53686243
0.67122877
0.53460294
0.47924387
0.64905208
0.65448654
0.49567538
0.62355351
0.65136504
0.63297832
0.64658725
0.43715328
0.53279722
0.61690688
0.51798278
0.42299116
0.53604794
0.58229095
0.49362853
0.69414055
0.42203555
0.50816727
0.49693513
0.44405144
0.63059437
0.56651592
0.45905405
0.47573435
0.62114674
0.64175224
0.53772247
0.59856957
0.62682563
0.41459617
0.53570306
0.63512456
0.44433963
0.51034403
0.58324349
0.69634211
0.55318832
0.54853940
0.47812554
0.80824524
0.61119002
0.61785781
0.47808591
0.46685252
0.63570899
0.37799716
0.50832474
0.42364845
0.56695110
0.54633379
0.59558076
0.49815905
0.58125579
0.37947470
0.60350823
0.53138214
0.46679306
0.40612668
0.47357452
0.61853921
0.62490356
0.46660388
0.63627970
0.37412164
0.49043036
0.61833280
0.49528086
0.68688595
0.70672655
0.48864695
0.54319918
0.68137217
0.67606789
0.46996069
0.57755792
0.59403491
0.73447138
0.60494173
0.59736115
0.58416116
0.41755131
0.47321212
0.52433097
0.48931122
0.70562238
0.42090285
0.61110014
0.62520719
0.46386683
0.72111750
0.51680940
0.58268243
0.63312119
0.50171208
0.56159693
0.68830639
0.46818784
0.66106427
0.52757823
0.71381903
0.54433882
0.38818792
0.64069736
0.66448581
0.51492167
0.59268022
0.65636683
0.65730238
0.70028305
0.69414419
0.59043092
0.53457719
0.89174932
0.62662828
0.65439355
0.51987857
0.45208412
0.58559692
0.64420915
0.73216748
0.48224658
0.64028287
0.55393875
0.73416013
0.50565398
0.47849363
0.49175262
0.68043882
0.59740448
0.57853878
0.68348265
0.47990856
0.48437208
0.50021029
0.67051733
0.60901564
0.50345540
0.69154644
0.51623595
0.67291045
0.47081050
0.40724108
0.55196548
0.71954107
0.48462322
0.61633968
0.59274608
0.64580607
0.54180300
0.48453104
0.51025397
0.68960083
0.54042417
0.64162433
0.49047127
0.57555997
0.56481534
0.66428375
0.63524675
0.50248384
0.44115281
0.50165200
0.40789169
0.50536251
0.51548350
0.65842652
0.54813325
0.49265888
0.71632057
0.51510048
0.54861957
0.58280128
0.48010847
0.66179049
0.61359680
0.62872767
0.60103828
0.58393574
0.39711437
0.56393188
0.47012058
0.46217793
0.48136744
0.36682564
0.60856557
0.62500286
0.53730434
0.45606834
0.54668069
0.49038196
0.55280805
0.69354057
0.63233590
0.51162171
0.48979497
0.52940297
0.64771056
0.63984704
0.68242764
0.50109881
0.43735629
0.54029250
0.56695533
0.48879251
0.47848693
0.41468519
0.41377255
0.71099854
0.44384831
0.69831675
0.66663808
0.43627593
0.34179360
0.40241989
0.69761539
0.40968049
0.60349971
0.58270729
0.63199198
0.42726922
0.61956030
0.43484232
0.48125914
0.54163468
0.49819073
0.41135120
0.44193047
0.70247281
0.63778710
0.60729098
0.55169195
0.57264709
0.46954572
0.62868476
0.57489443
0.52648890
0.64132416
0.61799055
0.44182056
0.52057266
0.65147281
0.56893337
0.65133518
0.58825499
0.75537241
0.56901598
0.52008229
0.55946875
0.62482655
0.61855274
0.47897026
0.48342574
0.46446940
0.42660055
0.51512730
0.53447902
0.61248386
0.60938752
0.57968497
0.50867319
0.61546481
0.61584699
0.51577228
0.49863485
0.52829087
0.45575896
0.58018494
0.53227103
0.58335757
0.58681995
0.68434101
0.59846884
0.46197346
0.63481599
0.48695368
0.39107576
0.43182421
0.51635730
0.33767682
0.53082180
0.53887832
0.71548152
0.58390391
0.61328733
0.56568468
0.61144209
0.61709249
0.59690452
0.74656057
0.74700087
0.70005137
0.59185714
0.41895825
0.42044267
0.49965999
0.53076148
0.52322745
0.57197982
0.55236590
0.50337756
0.42727962
0.55415684
0.55091465
0.62600660
0.63139236
0.39552736
0.48653173
0.56926739
0.50410044
0.43658838
0.63346958
0.45626664
0.63204253
0.47202876
0.63638872
0.40111572
0.50151008
0.45375955
0.56571221
0.46730036
0.62715316
0.48421514
0.49047208
0.49211487
0.57842112
0.43488789
0.59289086
0.51381934
0.57702410
0.44895780
0.50795960
0.37638670
0.59676456
0.64531940
0.59768105
0.47970569
0.52552813
0.53614938
0.57792664
0.36596292
0.42852017
0.48136669
0.58689463
0.52550304
0.54571694
0.62570632
0.48893794
0.53270817
0.47005534
0.59621966
0.61283648
0.57323951
0.62055188
0.54872018
0.51955265
0.66184390
0.45826560
0.64304501
0.52473295
0.59810328
0.61444139
0.57432294
0.50420785
0.46688530
0.50993073
0.42138821
0.51418579
0.49064773
0.45878336
0.63460904
0.56687236
0.61071062
0.45042828
0.47400138
0.50676525
0.61336207
0.60257232
0.45850360
0.61883068
0.50135219
0.51722145
0.66197801
0.42490834
0.68109894
0.51782173
0.51484168
0.67107922
0.56182539
0.59594601
0.57629669
0.51823294
0.65658599
0.61113375
0.65133321
0.71403003
0.62858546
0.47009161
0.53625137
0.74192607
0.49986500
0.55278206
0.58557534
0.65851033
0.61601937
0.72435826
0.51006114
0.65624440
0.41540575
0.56306171
0.54107630
0.64717066
0.65770817
0.65534097
0.57109469
0.49882522
0.57556307
0.49624422
0.61099076
0.50251633
0.43039304
0.50597388
0.45883226
0.38287210
0.66729599
0.50333285
0.40349752
0.55936396
0.65890837
0.49365780
0.42034370
0.64064723
0.62377131
0.64491725
0.42157945
0.69191998
0.52193832
0.68506908
0.61434603
0.60285389
0.61090845
0.59855556
0.55443239
0.73698533
0.39838207
0.69330883
0.50176346
0.58442235
0.55756408
0.49536690
0.55142665
0.54919207
0.62263983
0.54119849
0.50801510
0.42006844
0.56874454
0.47462356
0.40018669
0.55426425
0.42293328
0.59934068
0.46764994
0.44111902
0.55449450
0.58299077
0.51501775
0.45586187
0.52868426
0.53057218
0.47463882
0.46689144
0.58727157
0.48866057
0.63170576
0.50797749
0.52322841
0.48143786
0.52980196
0.46629119
0.42933154
0.55207521
0.39767677
0.36945900
0.36180437
0.38591066
0.46988705
0.59596497
0.54684865
0.64000100
0.41355217
0.56396592
0.56675917
0.45783496
0.71335334
0.51907480
0.53945166
0.44521129
0.64681649
0.48839056
0.75923306
0.61674625
0.48170829
0.51356775
0.45553827
0.56256956
0.64183199
0.50848556
0.53142262
0.56434619
0.55142784
0.58393395
0.43218419
0.49927732
0.47030374
0.45948902
0.43832576
0.40538132
0.60383552
0.41753751
0.62561715
0.47061732
0.64695084
0.68139440
0.46667296
0.46802810
0.54582238
0.63517410
0.46671388
0.59798801
0.66762501
0.49806505
0.62446845
0.61567938
0.58678013
0.66458780
0.50632858
0.63511109
0.50600016
0.73502010
0.55265379
0.50560403
0.54487109
0.46825719
0.53038204
0.49514887
0.53049457
0.47978079
0.46983579
0.60020041
0.41419238
0.54282314
0.54093158
0.47558856
0.57707375
0.41942254
0.38398087
0.45128080
0.36757573
0.65752810
0.46627781
0.51485455
0.55850428
0.40293145
0.48140964
0.44600263
0.56829572
0.50458992
0.64436090
0.62554413
0.47513416
0.52074772
0.48192701
0.54492426
0.34630549
0.53401005
0.42519969
0.33806586
0.54964399
0.45452723
0.59209323
0.46146676
0.61214364
0.61466616
0.60435677
0.37588036
0.49023929
0.40756118
0.61748666
0.46228343
0.43046862
0.46106601
0.36326393
0.41357875
0.56272870
0.61387390
0.37191132
0.43427998
0.56733227
0.35902384
0.53546834
0.48225248
0.59184527
0.61907446
0.65011597
0.48465773
0.37984645
0.37859309
0.64607042
0.69652355
0.41627061
0.49250305
0.41527265
0.51144165
0.50995302
0.59201443
0.61845762
0.58164704
0.49565500
0.52100825
0.60179973
0.61099815
0.59246862
0.39791608
0.67820978
0.55062109
0.51723289
0.53765506
0.60876328
0.62571657
0.70025170
0.56016171
0.43863833
0.62075871
0.37106875
0.38591450
0.37437046
0.60434520
0.51721609
0.58200049
0.50192034
0.41535980
0.54985201
0.52389443
0.52871752
0.54988432
0.61097860
0.43236518
0.50926208
0.46841967
0.43867028
0.55391753
0.71048594
0.43399286
0.54192501
0.64187384
0.59593225
0.65094787
0.33790481
0.47242355
0.55630863
0.43187493
0.53802478
0.57889706
0.52308393
0.58106399
0.65679157
0.55384910
0.59648293
0.47428343
0.44690639
0.72427070
0.74636871
0.59775603
0.45858523
0.58832455
0.63356268
0.47542453
0.39575037
0.48910981
0.47679201
0.39213264
0.44816971
0.42585510
0.75632620
0.42095616
0.30813953
0.64359796
0.38971648
0.52192760
0.61815751
0.46930501
0.45033881
0.43333486
0.51909298
0.59086823
0.62022126
0.64832914
0.54262710
0.49729115
0.54608655
0.42223674
0.45730174
0.57944387
0.48168147
0.49522942
0.45928624
0.41476053
0.55690134
0.38193965
0.50033283
0.38471097
0.49065787
0.49465081
0.44957364
0.52824491
0.49061406
0.35477385
0.41335952
0.56469977
0.70078224
0.53268635
0.77375162
0.44775569
0.58413005
0.48097438
0.64457273
0.47222915
0.71927202
0.42552119
0.63605994
0.57006240
0.58954322
0.50485623
0.47278821
0.51915663
0.50792730
0.44956064
0.47756368
0.66256154
0.76585877
0.51037621
0.52875125
0.40853673
0.63991958
0.42922211
0.44474196
0.62639433
0.46518332
0.56487143
0.51174253
0.60808653
0.64419043
0.69114017
0.57058203
0.45997041
0.49437281
0.54772043
0.54738081
0.58680177
0.41206324
0.59959924
0.71174008
0.43255445
0.58050752
0.48955286
0.56255543
0.53133392
0.40696153
0.57234836
0.62059224
0.54821539
0.53379762
0.61016065
0.44706413
0.61567926
0.42922717
0.51085865
0.53471398
0.38293207
0.39220411
0.46774417
0.51413667
0.52901858
0.38389343
0.43191054
0.58938837
0.35734171
0.49147439
0.53900194
0.49084085
0.38730329
0.52715838
0.51736701
0.62890744
0.34627306
0.42046040
0.52351850
0.46345007
0.52028072
0.46369857
0.46457079
0.38994944
0.55612236
0.40578038
0.44720107
0.50134599
0.50466645
0.43276334
0.70553750
0.56893420
0.50079918
0.58111048
0.53192586
0.54986727
0.39518082
0.53378493
0.52819592
0.56258339
0.67377102
0.57406855
0.56027055
0.65508378
0.68360078
0.56316471
0.65209937
0.44246385
0.41957447
0.56490421
0.48125798
0.56765831
0.51116526
0.60427642
0.49825320
0.51867533
0.44582406
0.56725550
0.52545273
0.42778331
0.52683401
0.56165802
0.59823167
0.60764951
0.45685601
0.55557740
0.46039754
0.60641325
0.47126788
0.52976716
0.51307482
0.48949206
0.49051192
0.47385544
0.43991104
0.65311766
0.60753179
0.55008131
0.56867290
0.52509117
0.56487691
0.52517337
0.54688519
0.47726995
0.45412144
0.64476001
0.44756612
0.54479992
0.62799883
0.58702821
0.51346815
0.49057680
0.43112105
0.71777689
0.62311888
0.68941832
0.54877156
0.55590117
0.44742018
0.52236259
0.60415614
0.60847050
0.56947273
0.69200444
0.62950599
0.66196632
0.50827008
0.58918405
0.59292871
0.57001239
0.52981639
0.38414973
0.47776574
0.49011594
0.60764003
0.46489489
0.50338137
0.51853871
0.57373893
0.71469545
0.48249626
0.48483226
0.52696598
0.45986587
0.47057331
0.49424353
0.40548706
0.53386533
0.50882953
0.54556292
0.48772380
0.50306201
0.45455250
0.71039498
0.44284248
0.46351555
0.48661035
0.48381308
0.32965001
0.44266129
0.51251900
0.41541344
0.35492972
0.51782036
0.54896963
0.44134039
0.48041859
0.49858117
0.50846350
0.44140899
0.41451865
0.23402534
0.57180089
0.44584131
0.48254657
0.62710512
0.51403773
0.41755897
0.52202451
0.52446580
0.58703172
0.64410472
0.53747880
0.58679122
0.57791877
0.68103933
0.51378047
0.47772384
0.53887904
0.56061351
0.49596915
0.42890680
0.51305187
0.55949116
0.52593386
0.62169039
0.48196572
0.47054911
0.67095917
0.37153110
0.54456973
0.54398692
0.39305201
0.51617390
0.59345293
0.57380867
0.62045443
0.49573809
0.50197142
0.52082223
0.53321886
0.58685660
0.43411511
0.42590672
0.54673409
0.56806254
0.45423537
0.48455375
0.60374415
0.60527587
0.69300437
0.40922877
0.69686449
0.46153462
0.58061761
0.41512817
0.53448343
0.64550811
0.44571155
0.45833150
0.54011053
0.49390209
0.57973886
0.41960806
0.48402506
0.61150050
0.40530103
0.53147405
0.57923698
0.64820635
0.51209223
0.53108537
0.45425189
0.37886003
0.46424448
0.62424970
0.49887958
0.46660805
0.52724427
0.51005149
0.47338653
0.49080780
0.43928847
0.44596946
0.40346405
0.59902275
0.68273592
0.45789993
0.64272344
0.57039332
0.47405821
0.48890546
0.57883930
0.44479102
0.52831012
0.75564945
0.39558476
0.49396825
0.46606427
0.56849885
0.37941891
0.62411004
0.40729016
0.41101971
0.30147159
0.57409424
0.33852494
0.52373362
0.36483681
0.61880648
0.56042135
0.44958052
0.49498883
0.46447676
0.46390101
0.61743414
0.45198697
0.51412392
0.36435920
0.39474571
0.35512555
0.49435475
0.51814252
0.48876792
0.37066698
0.43601292
0.43091816
0.50001603
0.40650970
0.49997362
0.30884838
0.40888283
0.33004394
0.46798155
0.52084404
0.57932466
0.53852040
0.48895603
0.63329738
0.60768628
0.47368929
0.47699049
0.31055689
0.46688342
0.55016559
0.51822084
0.66136980
0.51538634
0.46522254
0.43169016
0.49758261
0.42087013
0.47137058
0.46350908
0.45938355
0.71658760
0.49795222
0.47771412
0.53635490
0.55210268
0.46134222
0.54392540
0.47627419
0.52907127
0.53235465
0.41542107
0.40826166
0.55605543
0.57206392
0.52469301
0.40875521
0.58752656
0.50083268
0.36120126
0.55073905
0.32453778
0.61579674
0.49310398
0.46026990
0.45877421
0.42183271
0.42287764
0.54362559
0.46550220
0.49543795
0.57249635
0.45616686
0.66272461
0.36841232
0.43263471
0.37404564
0.57171142
0.36404657
0.43625683
0.48634407
0.56455833
0.39716366
0.47796547
0.65119112
0.46193600
0.50998688
0.52157772
0.38825899
0.41540974
0.38919976
0.32136488
0.48369467
0.56390190
0.49879205
0.38138896
0.66166687
0.53335571
0.47436470
0.48773018
0.53894138
0.34676054
0.50926298
0.48952955
0.45197678
0.48592317
0.48357868
0.42972898
0.53265512
0.60250437
0.57839048
0.56298602
0.43514711
0.45890999
0.55139935
0.36885798
0.51124597
0.51237881
0.54052246
0.45478511
0.47726405
0.58561134
0.45362571
0.57178485
0.65661806
0.32058686
0.61497593
0.50700223
0.51024324
0.58761621
0.44979584
0.37687522
0.43269953
0.48964030
0.42560494
0.49156937
0.44362277
0.48008528
0.39409983
0.50206721
0.55644608
0.61979324
0.44693732
0.43877280
0.50987589
0.52558756
0.71884805
0.34674957
0.42389429
0.46466285
0.29106888
0.66250110
0.63394666
0.52664989
0.47337329
0.48484468
0.57504618
0.39831275
0.56902289
0.56470847
0.50217462
0.44216862
0.43624413
0.48827526
0.36151558
0.67494369
0.58485210
0.52351099
0.48489109
0.51875681
0.51080394
0.56857020
0.46276605
0.49148050
0.55082029
0.50703830
0.45356387
0.42956743
0.56999713
0.48196808
0.44759130
0.58535135
0.63669544
0.57862353
0.76858950
0.60121894
0.38366443
0.43108091
0.72594374
0.56348920
0.42095172
0.57370877
0.44136700
0.58953518
0.55510306
0.44051611
0.36093751
0.53401756
0.42312038
0.51425385
0.44693640
0.35605812
0.38398847
0.43452567
0.52178752
0.31594449
0.46821260
0.44736519
0.49858332
0.41263127
0.35777700
0.41326421
0.36546820
0.41305143
0.48835206
0.54676092
0.42960349
0.55171174
0.60898292
0.56003481
0.56740546
0.44700047
0.49447611
0.36512378
0.44032925
0.53449422
0.48487940
0.45339897
0.62367934
0.45096508
0.35893056
0.48890805
0.57520187
0.42030892
0.45398945
0.45755395
0.66069484
0.47954732
0.62176597
0.41853565
0.39195502
0.41555679
0.46085754
0.51835310
0.38845211
0.52416527
0.42738894
0.54575717
0.55997306
0.40421411
0.32704860
0.33417839
0.42118779
0.57381010
0.33271903
0.57485044
0.52385139
0.61217582
0.29247844
0.39320275
0.41203463
0.47472537
0.51675403
0.49865741
0.42415032
0.42147726
0.40573052
0.50127655
0.62628508
0.47990245
0.56006837
0.49557656
0.58759630
0.49416503
0.54033750
0.53556561
0.49008644
0.58719420
0.45207396
0.68003893
0.56028712
0.50155544
0.57947165
0.41084456
0.45592856
0.60735416
0.50911748
0.46860477
0.56771791
0.44533175
0.40997249
0.42234534
0.45383278
0.47208843
0.48958382
0.52055746
0.53786457
0.52234733
0.55923927
0.59737277
0.43075877
0.37221438
0.45970714
0.46293300
0.51876235
0.64659333
0.87985432
0.40494373
0.31424356
0.59282362
0.47522464
0.49913660
0.44104856
0.55137002
0.38381109
0.48877144
0.37833112
0.36891827
0.48312485
0.48577133
0.39844516
0.36211699
0.43517801
0.63223016
0.52068031
0.31465018
0.46940956
0.36407664
0.50171334
0.54236317
0.43519294
0.55865532
0.45715511
0.47790846
0.51021618
0.61403000
0.62935561
0.56345773
0.32695240
0.43736368
0.45423698
0.56810802
0.50064087
0.47843918
0.57379150
0.51329011
0.44771138
0.52500975
0.47681257
0.42300031
0.36597282
0.53502369
0.39971066
0.41829896
0.53913689
0.55443943
0.45551711
0.47212559
0.54553664
0.45736328
0.59849346
0.47947398
0.38002604
0.46793786
0.40810740
0.38217503
0.41258687
0.38188505
0.43213654
0.52803576
0.82909709
0.46698081
0.41199091
0.36209607
0.59646893
0.43167722
0.55653316
0.47229907
0.53650898
0.51905549
0.47614250
0.51263165
0.51006788
0.37715289
0.41377413
0.33030087
0.49674708
0.42816696
0.49886715
0.53769183
0.74730974
0.43368196
0.47383875
0.50290388
0.59188420
0.34979606
0.32781118
0.41485047
0.42577881
0.28954881
0.36981493
0.39087075
0.61286384
0.71980441
0.47454989
0.51316607
0.38035649
0.66853881
0.50774664
0.67361432
0.46103910
0.39305502
0.52304250
0.39467058
0.39772049
0.35684785
0.40048778
0.46069330
0.42790848
0.49275500
0.53362834
0.54213083
0.55153954
0.61405295
0.54027605
0.52917802
0.53328633
0.47447151
0.63447440
0.34534281
0.49435747
0.38735527
0.47077984
0.48542601
0.47000864
0.42302746
0.49563026
0.56345153
0.47559017
0.46037230
0.42675099
0.43776116
0.46251145
0.41654146
0.52198291
0.34647721
0.40647656
0.56355572
0.43234229
0.40571058
0.42585930
0.72673655
0.54381037
0.56411469
0.47532356
0.57749557
0.61510408
0.43889126
0.51436174
0.35864490
0.48797929
0.62795246
0.64924908
0.46556011
0.62009811
0.45983863
0.45096996
0.43121964
0.58811891
0.55831254
0.45996195
0.49022076
0.32822716
0.47695068
0.43282318
0.44462079
0.37327409
0.64532959
0.56732130
0.48391354
0.50425917
0.54028994
0.44480941
0.42896581
0.63462687
0.44449425
0.41326395
0.44689363
0.61991364
0.41137272
0.48903120
0.43911093
0.44795817
0.69317424
0.54286635
0.45252588
0.54810864
0.60694396
0.50027382
0.58809257
0.46197414
0.54839993
0.53737569
0.45493421
0.63387847
0.38748851
0.54600620
0.38967907
0.49486104
0.50579196
0.59646708
0.39371619
0.51391447
0.43656564
0.45629394
0.52485245
0.58771193
0.32429460
0.45927420
0.62290013
0.46535194
0.54384482
0.58934879
0.30144188
0.48002210
0.44760296
0.42895246
0.49272951
0.62779701
0.49881715
0.46425056
0.42804998
0.54855549
0.57855481
0.32318956
0.50023937
0.48124114
0.62034810
0.54443347
0.56837064
0.53565264
0.45447436
0.43082029
0.43514517
0.47488105
0.57751721
0.43884316
0.48328483
0.56932420
0.52421081
0.31302050
0.47257462
0.48900205
0.43251854
0.35656211
0.54305971
0.32367432
0.41072947
0.34156656
0.44099647
0.46013486
0.34635973
0.48261726
0.45014906
0.44134927
0.52013040
0.52484435
0.36050242
0.47613391
0.31265509
0.56035292
0.48398656
0.54756206
0.42698061
0.40348786
0.45830774
0.45728165
0.49708551
0.44982210
0.65869659
0.39129347
0.44334629
0.77318048
0.52620828
0.45570484
0.46561098
0.43244392
0.53183162
0.46478742
0.34021586
0.49168020
0.49012107
0.44659144
0.56829548
0.51900798
0.57940000
0.54439294
0.47854307
0.35989571
0.33615127
0.41050464
0.50954139
0.30500191
0.69513011
0.51120377
0.53577691
0.44625005
0.41488838
0.51016957
0.56357503
0.36496902
0.45123339
0.37096411
0.66332167
0.46173298
0.62968910
0.39087835
0.52238131
0.44518083
0.51557183
0.49977320
0.34512252
0.48014686
0.36590600
0.41589242
0.42867744
0.54386926
0.43548322
0.52951568
0.33157599
0.49424756
0.31727999
0.38118282
0.36228269
0.43564212
0.56623286
0.36241663
0.36637884
0.44961318
0.41780081
0.51230091
0.41242692
0.40522903
0.46654379
0.53122580
0.44992423
0.53989410
0.47207153
0.61156142
0.34265304
0.33464408
0.41069514
0.41744342
0.51652145
0.42038053
0.42697850
0.42584750
0.46961480
0.44296911
0.47737691
0.60835904
0.64971745
0.44357032
0.38059670
0.39015105
0.32146281
0.71918929
0.73114657
0.54412365
0.37356162
0.47918314
0.40597004
0.46201149
0.34704712
0.33227301
0.61451823
0.52128136
0.64572549
0.48630810
0.52784371
0.41229427
0.48988476
0.58498037
0.45871091
0.38597620
0.38738769
0.58752072
0.53133070
0.43086669
0.41663387
0.38661337
0.42591932
0.35560149
0.51428068
0.42867157
0.47921962
0.43643105
0.35012183
0.45020455
0.54926825
0.41935381
0.37769747
0.55735749
0.58655953
0.32479873
0.44495428
0.46988073
0.41827905
0.42431882
0.49634176
0.35354477
0.53981727
0.61255121
0.44215715
0.42475310
0.47249585
0.53730291
0.61751044
0.43306196
0.33207721
0.43480358
0.48747185
0.40106785
0.42138365
0.58462673
0.39737290
0.44513434
0.33783448
0.43094465
0.43304974
0.50172025
0.38486043
0.42676166
0.56483877
0.58935189
0.52950561
0.64302319
0.54431689
0.66005456
0.32378590
0.52398640
0.49235916
0.39274400
0.36101502
0.40907684
0.44014311
0.37664670
0.33265269
0.51997805
0.59452015
0.33564258
0.44855484
0.63867855
0.45211306
0.51324868
0.35359079
0.41117811
0.46240515
0.38196033
0.55694872
0.62293577
0.46503425
0.47500676
0.45193943
0.42432576
0.50145996
0.54720616
0.54938316
0.56795686
0.48288792
0.45869243
0.31280315
0.58143324
0.45217091
0.38241053
0.43810833
0.42184606
0.40877822
0.44871983
0.52627945
0.49010837
0.54638469
0.53626424
0.52525234
0.55280292
0.37226433
0.39973494
0.35858738
0.43028313
0.46111163
0.51874965
0.44136375
0.48123974
0.41445422
0.41245565
0.56876504
0.45109847
0.47361594
0.42712015
0.45779204
0.56542540
0.41711822
0.58077431
0.50779176
0.46892989
0.54845273
0.37123501
0.45840523
0.44802302
0.43968949
0.44155693
0.34750050
0.32586250
0.38512689
0.37348855
0.38841924
0.49621719
0.36673111
0.37718534
0.44463456
0.47439674
0.48509920
0.54819381
0.49660382
0.34591359
0.43399730
0.40607741
0.60316318
0.60543305
0.40051571
0.53658408
0.45760629
0.55477303
0.51276529
0.50614434
0.40805703
0.48095196
0.48516405
0.50461864
0.51947540
0.52125639
0.48122054
0.39841476
0.46035737
0.34856227
0.39076567
0.55620003
0.43599007
0.57339442
0.32325271
0.46236199
0.49320757
0.55293357
0.47702593
0.27285635
0.57183152
0.40831533
0.58558071
0.41055852
0.58871257
0.43053731
0.54819441
0.59229845
0.48498160
0.63665015
0.44548965
0.45935154
0.54149115
0.60432434
0.50130332
0.36318767
0.48515689
0.46914276
0.43693081
0.48324370
0.50192231
0.62196046
0.43936911
0.47348642
0.55511880
0.39459357
0.40591386
0.48460901
0.36773151
0.58152676
0.43511420
0.30787861
0.52375966
0.20512711
0.35567963
0.58524776
0.40203846
0.56249809
0.47155145
0.68803275
0.58827269
0.49137044
0.40757811
0.51272660
0.61612272
0.41705966
0.38388824
0.29958043
0.42746872
0.52608806
0.36234209
0.50492191
0.46347377
0.48847473
0.53399938
0.43876946
0.47362629
0.35202813
0.39122736
0.40569323
0.44040406
0.51823801
0.42740154
0.34244058
0.55080765
0.36469465
0.39802352
0.48775893
0.37097710
0.45402330
0.38092917
0.42542207
0.42039490
0.54946184
0.48195967
0.49204507
0.47142380
0.48262024
0.37310135
0.36395344
0.36141354
0.50539064
0.41064560
0.45008713
0.45360011
0.41368854
0.44634670
0.32983559
0.39689684
0.37928164
0.48988628
0.46142882
0.39714527
0.39349371
0.50140464
0.36252168
0.47761497
0.53295380
0.45847833
0.41166604
0.34152991
0.50701165
0.53404874
0.46820089
0.52072650
0.62089878
0.37931931
0.47971198
0.37337875
0.36842817
0.27802539
0.61858547
0.34437826
0.38778302
0.54249477
0.59509647
0.45484877
0.49146566
0.39225784
0.57629842
0.33391684
0.46590400
0.52417481
0.58609611
0.52173114
0.42911616
0.46648458
0.30972856
0.44729015
0.41610029
0.42878509
0.43419707
0.37896162
0.55227447
0.46669495
0.50745392
0.36452410
0.42567325
0.51667279
0.55550730
0.37021378
0.39855048
0.47754222
0.39680785
0.39371496
0.46338373
0.43062425
0.51408148
0.50435895
0.51251781
0.44184124
0.52122319
0.49632943
0.41742551
0.47406429
0.55809134
0.49503991
0.38778543
0.58595181
0.59317744
0.38661197
0.48687291
0.36293727
0.52768666
0.39727321
0.49787295
0.56919873
0.38257125
0.42865625
0.42194855
0.62328064
0.39365172
0.55243284
0.59076631
0.38822269
0.43028444
0.45104864
0.34618080
0.45440060
0.50411856
0.28869990
0.38355380
0.45227593
0.43896836
0.30646157
0.41754168
0.32197937
0.40673906
0.49236244
0.47800735
0.41715676
0.46404916
0.53945267
0.33587348
0.39262789
0.42886871
0.51832950
0.47033316
0.39731252
0.39799470
0.50419414
0.53508961
0.47880346
0.33955398
0.52006030
0.37847665
0.58384264
0.47351152
0.31980449
0.49045256
0.31502265
0.42944235
0.51435328
0.64510196
0.50004756
0.54902381
0.43276745
0.38260531
0.46525893
0.48979715
0.46666300
0.49629438
0.56094694
0.44831246
0.35943246
0.38531852
0.65148497
0.36300966
0.36876073
0.45568150
0.52905232
0.43442947
0.47040609
0.35987318
0.48414195
0.37310925
0.44104040
0.62496585
0.37355891
0.34576046
0.44646797
0.46586415
0.51684296
0.46764967
0.46255076
0.36370265
0.40700006
0.53649396
0.36757144
0.41120356
0.37790197
0.52471220
0.49050748
0.53168976
0.43222213
0.51521921
0.34111422
0.44494361
0.40941814
0.56468254
0.53795147
0.46448940
0.54729879
0.45278829
0.55081522
0.43852577
0.57817000
0.52975810
0.43855649
0.40879905
0.58499497
0.39043885
0.39247340
0.48649457
0.47234625
0.41353661
0.63567382
0.47829777
0.76088703
0.46096671
0.44967115
0.67335963
0.50249112
0.31684896
0.41545054
0.55867177
0.37804535
0.36548290
0.50239182
0.58829522
0.48518300
0.36690548
0.44477272
0.43477386
0.50086635
0.43212563
0.40454680
0.47225901
0.46368691
0.60792941
0.39202669
0.39328179
0.43710685
0.40668809
0.40756905
0.30819845
0.38299391
0.45154768
0.46850884
0.47034615
0.41154683
0.29859072
0.37895232
0.46900478
0.44956690
0.38679370
0.43889603
0.31610340
0.62178802
0.53505266
0.34719416
0.56364495
0.51057035
0.38907647
0.48722097
0.45850295
0.46061826
0.47600099
0.35815078
0.52229112
0.44407248
0.42486724
0.34007201
0.37373212
0.54493928
0.56457198
0.35323325
0.58128971
0.39663300
0.53921586
0.32338142
0.31783664
0.41700184
0.48484939
0.37951618
0.52684695
0.46177968
0.54667103
0.47859946
0.47078371
0.61515927
0.30371699
0.54752994
0.33843634
0.55212033
0.43816394
0.39718258
0.28125000
0.55162340
0.44200537
0.62434387
0.53719789
0.41011256
0.48588768
0.52311707
0.48295143
0.46123195
0.53664547
0.51439691
0.60889924
0.52992475
0.49204719
0.51836675
0.37154868
0.40480995
0.37696916
0.46741435
0.59601438
0.60412949
0.52127385
0.35704121
0.52893841
0.47257358
0.60020703
0.41822934
0.39299548
0.58598566
0.47155249
0.54081720
0.43914941
0.53196901
0.48344466
0.50389642
0.50405771
0.43761477
0.37965751
0.51623106
0.32599163
0.40752164
0.32675937
0.43432987
0.38162792
0.39419958
0.56831402
0.30626529
0.50194633
0.42965904
0.57478118
0.51619720
0.34654585
0.39572304
0.47508371
0.48411453
0.53281093
0.46791634
0.38041818
0.37213904
0.59187251
0.47303912
0.38926837
0.31709194
0.59481728
0.35168543
0.46192813
0.28926682
0.43458509
0.51436001
0.31585014
0.44795805
0.25523913
0.38228753
0.44603881
0.68553931
0.27681166
0.37602073
0.32612163
0.52384329
0.56645143
0.36054662
0.41559446
0.48906615
0.42540565
0.46147326
0.42553091
0.46568325
0.39518237
0.44161287
0.39030391
0.40372342
0.40394512
0.35048592
0.34902209
0.37891489
0.46145988
0.32247061
0.32845053
0.43918651
0.32625109
0.41782519
0.71380258
0.54565966
0.48934907
0.43260467
0.25886241
0.34060240
0.43494335
0.37484083
0.58624041
0.41829175
0.48422575
0.31076282
0.59429908
0.33610690
0.53942788
0.38342664
0.55104619
0.33950680
0.47751626
0.28571573
0.32904321
0.34783989
0.39865297
0.43512279
0.43681112
0.51495630
0.58300889
0.42411721
0.36574996
0.44409257
0.48516446
0.43828961
0.43789685
0.46023464
0.44910252
0.58711302
0.45385835
0.53521717
0.46300536
0.45230615
0.32117367
0.44792688
0.57272524
0.52304739
0.47142422
0.49498898
0.36278266
0.40089443
0.46456870
0.39151359
0.37641025
0.44787589
0.22787134
0.51513404
0.50858176
0.33406684
0.35377333
0.52710187
0.30773407
0.38270980
0.34193450
0.36836985
0.35163814
0.36706033
0.46072856
0.31187296
0.35922033
0.45380238
0.31903416
0.42695370
0.35152978
0.43285006
0.40173393
0.50368404
0.50181526
0.47899029
0.44110081
0.54850662
0.45715177
0.41635603
0.36408961
0.55184150
0.41736531
0.44256699
0.48114073
0.41067678
0.52787310
0.40657002
0.39749593
0.52418542
0.37542969
0.45629847
0.43257257
0.49519658
0.52581763
0.47887427
0.63697219
0.50298113
0.30034441
0.43001038
0.24428524
0.36275226
0.51909596
0.40197235
0.56513524
0.37985611
0.40646225
0.35255814
0.42710075
0.40423763
0.34427917
0.36889881
0.39776048
0.38682669
0.48767313
0.41178209
0.64281082
0.45109355
0.42683756
0.50634325
0.39199114
0.30997586
0.49214840
0.54787755
0.57193291
0.63428575
0.50058997
0.57051915
0.52571970
0.62517953
0.50405639
0.49638790
0.57891417
0.78341556
0.48473430
0.46334934
0.55483007
0.55941415
0.66468346
0.55120075
0.37345105
0.61341959
0.52705944
0.38483566
0.50036609
0.45511824
0.54037333
0.44071445
0.40307564
0.45579362
0.35155636
0.41919762
0.40555459
0.34089425
0.41826633
0.57072133
0.44533250
0.39976534
0.52393460
0.43515462
0.56247592
0.53200686
0.40358418
0.40797541
0.52452391
0.63953191
0.53413320
0.47933924
0.57226086
0.52916378
0.42678910
0.49364814
0.35273105
0.59331614
0.46341848
0.50893104
0.48067778
0.50786507
0.47875020
0.37146956
0.34458438
0.41188923
0.58390164
0.41403711
0.47692174
0.49115217
0.51190567
0.54215515
0.32864454
0.49329650
0.36453867
0.54174316
0.41281378
0.39684781
0.46861207
0.31264126
0.38889533
0.49586901
0.51665151
0.49924535
0.49118200
0.47274372
0.38483208
0.33745840
0.52589118
0.53414512
0.42343780
0.40869620
0.58790845
0.53483570
0.61977434
0.34533885
0.48543754
0.46474838
0.49819386
0.31193978
0.33449459
0.47004324
0.39585751
0.42127311
0.58602798
0.53980148
0.38707143
0.56894255
0.48689896
0.31227508
0.42605430
0.45705312
0.37937576
0.67891061
0.46861595
0.37514597
0.50042975
0.32552791
0.42977929
0.37520540
0.30502123
0.45707574
0.54194534
0.43552554
0.43183184
0.46865383
0.38156664
0.39345312
0.45551226
0.46383825
0.38337174
0.49751440
0.37807882
0.33684936
0.26932779
0.53891808
0.33970982
0.42281604
0.50001717
0.31416053
0.39323169
0.44755745
0.43497157
0.39411014
0.36934689
0.46171165
0.32409352
0.45720294
0.45721960
0.38789800
0.32053590
0.39110476
0.59252858
0.54556406
0.39387664
0.54952538
0.58874744
0.28722942
0.38986921
0.53064287
0.48523623
0.24032328
0.44861674
0.40720454
0.34624401
0.49073946
0.39382538
0.36212701
0.51876950
0.42458564
0.35795361
0.38875622
0.60983849
0.45916015
0.48926696
0.55815846
0.54404712
0.46637893
0.48612076
0.36795127
0.32581064
0.21418263
0.41054565
0.43835604
0.42547846
0.54029751
0.39624590
0.43187308
0.34123677
0.26778349
0.35082713
0.27296752
0.35667849
0.44867325
0.60904860
0.46817821
0.41744965
0.39346039
0.43983075
0.46197790
0.29281160
0.41605148
0.36406288
0.43552834
0.50363535
0.43483156
0.32337511
0.41282901
0.32804227
0.45512310
0.35066366
0.53987879
0.54162836
0.41470987
0.38996318
0.30828178
0.51680833
0.52350456
0.37141472
0.47754213
0.39675236
0.60514444
0.47723091
0.47270256
0.30264354
0.38694698
0.43453109
0.40646395
0.53973806
0.35300881
0.47193864
0.32645115
0.29805589
0.39323029
0.32487118
0.61212087
0.29062274
0.45984855
0.36167800
0.58985400
0.15522599
0.45766246
0.37776062
0.36935854
0.44777623
0.34524265
0.49962658
0.44717941
0.33321911
0.55570745
0.31411976
0.54958737
0.52632552
0.45443195
0.43420500
0.56788778
0.41594392
0.52697903
0.46994445
0.30918753
0.41993457
0.50291342
0.33629966
0.55876672
0.45657763
0.45113128
0.47741890
0.55015284
0.53107458
0.50108588
0.52383453
0.40459305
0.61001211
0.50612348
0.37325805
0.38754240
0.31811801
0.42764506
0.47384071
0.41530952
0.37946200
0.47376293
0.45722961
0.30998296
0.47869283
0.35463941
0.45272839
0.21431746
0.65906715
0.25750020
0.37942687
0.27293390
0.29762191
0.40749627
0.44994467
0.51435494
0.52995282
0.45361409
0.38105980
0.28534532
0.59613883
0.47696576
0.38150054
0.47204578
0.33235753
0.48545110
0.58678508
0.56662542
0.47379276
0.42051205
0.35100585
0.32156831
0.38429582
0.40990245
0.34569103
0.45852771
0.43258235
0.48295593
0.55203098
0.40990233
0.48683542
0.39725673
0.45056456
0.39267379
0.66746235
0.37586662
0.42194843
0.43762699
0.51374131
0.40183505
0.26780647
0.42079976
0.45063746
0.36382776
0.52299052
0.29950258
0.31229234
0.41842693
0.22729461
0.44079271
0.35644123
0.45065516
0.40131590
0.47683397
0.54543245
0.31320828
0.36094019
0.40398735
0.42111242
0.52556109
0.25680149
0.38332140
0.35628754
0.27539715
0.37017989
0.47229093
0.35101232
0.54840040
0.64010578
0.26727766
0.34901354
0.51223290
0.63315129
0.36719394
0.42414570
0.61165804
0.47927618
0.49431109
0.49124491
0.30938321
0.30525136
0.48392510
0.45007557
0.51046169
0.33690533
0.36174649
0.31721658
0.39681971
0.57090259
0.44535765
0.32244039
0.36709079
0.40684709
0.41027397
0.54167509
0.43423229
0.34152853
0.56966329
0.46471411
0.34683892
0.59803569
0.27979898
0.32693249
0.46256262
0.38049626
0.49181330
0.45150888
0.43014935
0.51072717
0.44755095
0.45483387
0.41289413
0.49379572
0.60832846
0.40058517
0.37558642
0.45427522
0.57227713
0.33250919
0.35215724
0.31775543
0.46896070
0.48334298
0.51848954
0.27844384
0.54778910
0.46240082
0.56132495
0.39286485
0.38995534
0.46137920
0.50820941
0.37673473
0.29841554
0.62730777
0.53678459
0.51062435
0.51957494
0.42719376
0.46668056
0.28991902
0.57733393
0.43217659
0.41303724
0.49250233
0.31933010
0.34420088
0.40527466
0.51587045
0.41707194
0.40692294
0.37695879
0.40398127
0.45727515
0.45183805
0.36858511
0.44488311
0.39076233
0.40237716
0.34412491
0.34683520
0.62051910
0.46715498
0.39909077
0.43201515
0.27547905
0.40754649
0.48935589
0.34326595
0.43915766
0.37667769
0.39094985
0.50648570
0.42364848
0.44338796
0.39568368
0.39829823
0.52573454
0.30948424
0.37193134
0.39316529
0.37952012
0.48861817
0.36351472
0.37502316
0.42690518
0.57316554
0.30623168
0.42718345
0.34358901
0.45649493
0.47662023
0.27917653
0.32562524
0.42314276
0.44149518
0.55181539
0.47787178
0.59260404
0.54349506
0.39333230
0.34069729
0.42365706
0.45453930
0.38086110
0.45512271
0.49388543
0.34183857
0.39604604
0.37436393
0.49472690
0.35518670
0.45820338
0.60922188
0.49333996
0.37384546
0.42992300
0.34476322
0.37913325
0.42648643
0.54402006
0.30911887
0.42547554
0.58175212
0.36713350
0.38678807
0.45367926
0.36935252
0.47212940
0.33939123
0.45820776
0.56626654
0.38348219
0.46501592
0.47659805
0.48548245
0.38012892
0.42736363
0.42323223
