2.46948242
2.34407520
2.23352957
2.09643459
2.11519527
2.02902412
2.00538206
1.90725493
1.97408521
2.07831025
2.04579020
2.11236072
1.82676864
1.90224683
1.89443970
1.88017702
1.93415976
1.79972792
1.82632828
1.75344205
1.82010233
1.75891113
1.78466189
1.79729414
1.87043095
1.79713035
1.72224486
1.68115735
1.82915926
1.72980320
1.74858952
1.85035932
1.68483698
1.77242875
1.69881308
1.66050243
1.67746222
1.67285955
1.68248093
1.75633645
1.81337643
1.64398539
1.75008059
1.71904600
1.49283838
1.60573578
1.69825339
1.71096778
1.64208293
1.51426935
1.43950605
1.57715631
1.67719305
1.59796226
1.44018745
1.54118276
1.50675464
1.56414711
1.67085028
1.81810689
1.54458690
1.69785225
1.53710771
1.54195380
1.46786332
1.60665572
1.46522546
1.68879902
1.56258309
1.49804997
1.47516155
1.67281413
1.39408600
1.40732265
1.59481394
1.57449567
1.45904994
1.55967569
1.64078355
1.54793680
1.59446180
1.43883574
1.76465225
1.36839879
1.58077502
1.48923230
1.51270604
1.53404927
1.44134998
1.28395867
1.37368655
1.55489349
1.66191745
1.50170195
1.56670606
1.42231882
1.54248261
1.40911090
1.53628004
1.57155776
1.36719370
1.53490400
1.54224539
1.44875884
1.37399995
1.45773959
1.30862319
1.51044405
1.61705410
1.38024318
1.49242735
1.49513578
1.54646313
1.44585371
1.46691215
1.60039663
1.55084491
1.36108208
1.38734639
1.54511964
1.48372221
1.40751922
1.31187582
1.41246021
1.60028183
1.30289209
1.56579018
1.50987077
1.50244975
1.46048725
1.55729234
1.44290709
1.46845937
1.38869405
1.37751031
1.36776710
1.34916353
1.51489580
1.49567640
1.53583384
1.52211761
1.44981861
1.36116183
1.53808594
1.36763024
1.39028573
1.36067796
1.42809153
1.62022126
1.42768550
1.32670307
1.27793956
1.43330789
1.55415297
1.32956576
1.39047289
1.33847404
1.44521868
1.45532918
1.28457522
1.25477850
1.38204360
1.53777695
1.43338168
1.32279301
1.12664795
1.31456685
1.49327683
1.38887978
1.41269517
1.29901481
1.44664955
1.47042358
1.25030756
1.28710878
1.25176358
1.40304565
1.37162554
1.45871735
1.46077478
1.33529711
1.23490024
1.40473580
1.30699658
1.35748029
1.25787103
1.21843791
1.34937525
1.37372136
1.37051010
1.30401254
1.25829482
1.41839504
1.38383400
1.42977405
1.46816528
1.48182940
1.38159299
1.51177347
1.49653745
1.35822725
1.40132856
1.16839790
1.24775147
1.29690611
1.49587214
1.22131205
1.37892866
1.68045139
1.19395077
1.44684005
1.28804827
1.37889075
1.26012588
1.13085628
1.17205811
1.27181864
1.34729123
1.42725730
1.31581831
1.24328041
1.06814647
1.20440364
1.21617067
1.27489662
1.29338360
1.16241205
1.28926778
1.39864540
1.37835419
1.35993910
1.33613443
1.26562393
1.32419848
1.29018688
1.31974065
1.07255125
1.22012568
1.21949816
1.49635124
1.27061057
1.24353695
1.26426899
1.33773732
1.27702534
1.34426451
1.33854103
1.28455007
1.39030409
1.07991076
1.36052489
1.32711220
1.52293110
1.39390206
1.25454473
1.17759633
1.21382272
1.23397064
1.33039999
1.41716671
1.24950588
1.19557834
1.16001308
1.38669086
1.22919297
1.32286215
1.31058836
1.25160146
1.24854398
1.21866262
1.33521128
1.34811735
1.28543043
1.12835503
1.19925570
1.21324134
1.28531861
1.29847002
1.37763464
1.23799372
1.21308613
1.13900125
1.34273672
1.26927018
1.15453315
1.17531741
1.19168258
1.15493488
1.15695190
1.11339724
1.22185671
1.41801500
1.25537145
1.29226589
1.11807764
1.20175040
1.15474606
1.16843963
1.13711095
1.19465685
1.25723290
1.08395982
1.11787653
1.19429183
1.08449054
0.99246842
1.32714248
1.13675570
1.39272010
1.00541139
1.05174041
1.29349673
1.37602925
1.40206003
1.04519868
1.25447774
1.24486578
1.20852494
1.13073587
1.29654419
1.28910148
1.22842526
1.40079594
1.29761934
1.06588244
1.18485713
1.12352324
1.20477116
1.02888703
1.33341134
1.17561293
1.19839120
1.14699244
1.28880060
1.18539429
1.36539221
1.19174623
1.05071306
1.38210535
1.26099563
1.25458169
1.27793670
1.21478820
1.33160353
1.12523246
1.16578746
1.30072165
1.12551570
1.03853381
1.21118593
1.19296718
1.11121774
1.27521372
1.28428268
1.24855506
1.17636657
1.30293870
1.22014225
1.17238092
1.15711737
1.24917567
1.20278931
1.27047825
1.24211097
1.13352895
1.27036846
1.06748986
1.18371820
1.14023924
1.13693511
1.18561244
1.24598074
1.02070987
1.13015652
1.20350051
1.11601496
1.21456075
1.12169409
1.07370317
1.03968692
0.99355948
1.21271706
0.95564044
1.13530707
1.01250148
1.24093080
1.18810439
1.29203784
1.26934576
1.20267558
1.14036703
1.21058500
1.10216022
1.09752870
1.10710871
0.92307991
1.02149439
1.13382447
1.14136159
1.15159583
1.19957471
1.05156481
1.14479184
1.50449419
1.19164908
1.11280870
1.10729599
1.25688577
1.13835239
1.07012200
1.20047879
1.06997943
1.16939270
1.23425269
1.09906745
1.01569414
1.05129766
1.20824623
1.33714163
1.10696876
1.02182305
1.20472610
1.11442912
1.07132030
1.08185482
1.34571075
1.04140198
1.03377986
1.13370347
1.07019532
1.10233104
1.23120618
1.19570315
1.04112577
1.14475083
1.21278429
1.09945440
1.18989396
1.15474129
1.10107851
1.29385328
1.20486176
1.06679881
1.19531024
0.96734095
1.30593371
1.13891935
1.39449692
1.41972470
1.05571103
1.05144739
1.05267382
1.05377781
1.02181733
1.03193188
1.11118567
1.12588727
1.15245867
1.18380213
1.10114932
0.92618680
1.24364233
1.29352188
1.14897704
1.10239339
1.06302238
1.21464658
1.12622976
1.00266361
1.16696155
0.94206887
1.18600225
1.20020723
1.06194377
1.14469695
1.21633124
1.08752167
1.07791698
1.07836258
1.11762977
1.02408373
1.26085615
0.98096561
1.12591338
0.90247250
1.06697249
1.10202098
0.97877705
1.10688674
0.99077266
1.12155247
1.16284204
1.15831184
1.17420661
1.11171997
1.15210617
0.96541828
1.00042963
1.00972414
1.11550176
1.15694976
1.03603435
1.19954371
1.02405620
1.01879919
1.02033901
1.07962227
1.14548922
1.13558710
1.13537061
1.21475482
1.12311029
1.04633760
1.11871183
0.99271065
1.23313904
1.03279734
1.18632400
1.05167735
1.04659557
1.14954197
1.13107955
1.11239755
0.88892615
1.15830040
1.01592207
1.12803483
1.01766217
1.17800856
0.96149117
1.07001317
1.16150272
1.20410192
1.04778433
1.12588179
1.00844097
0.93023539
0.97652149
1.05290806
0.99727708
1.03883386
0.99796641
0.88049185
1.16066766
1.07677388
0.96547675
0.97032022
1.03350115
0.91760981
1.01604748
1.09970379
0.92173004
1.17824578
1.11957145
1.00185609
1.15881658
1.39275002
1.21902251
1.07579899
0.80093896
1.05984569
0.91215593
1.20084286
1.04518723
1.01073813
1.05388331
1.04845119
0.96777362
1.13710451
0.97935903
1.04151428
1.07890201
1.18640184
1.04876149
1.11303616
0.96912241
1.11754072
1.05740356
1.19416666
1.02948272
1.01499820
0.93835926
1.10823870
1.04966927
0.97547698
0.97633857
1.06091595
1.10632277
0.96679497
1.00131345
1.11244917
1.10720682
1.02160120
1.21495986
1.01527429
0.93622404
1.24839377
1.00586617
0.83447599
0.91808105
0.98791921
1.20344198
1.10185874
0.99411517
0.98934257
0.90997994
0.94143176
0.85070264
0.87796497
1.23440456
0.90263510
0.95312274
0.95688754
1.14967752
0.99684632
0.99210614
1.12724447
1.07596660
1.03508949
1.19693184
1.01667976
1.10839844
1.13831735
1.07819510
1.09631681
1.05517268
0.95071971
0.93383360
1.19496107
0.96342969
1.08781528
0.95409191
1.02785516
1.01366353
0.97964883
0.93556172
1.12243581
1.15887189
1.15340674
1.01431918
0.98701155
1.16247678
1.23534858
0.89364821
0.95129818
1.07839572
1.05150342
0.98943555
0.93512154
0.89143598
1.00049448
0.93304640
1.01938069
0.94087404
1.11686182
1.22323704
1.09142852
1.06959701
0.88722372
0.89660549
1.02916217
0.98499274
1.16549444
1.12656164
0.77678776
1.01527095
0.91805124
0.90931070
1.01360130
0.94719207
0.90075135
1.10476291
0.91953748
0.92600739
0.80254596
1.09544015
1.01065886
1.10096300
0.93058133
1.17658305
0.77471566
1.03518033
1.08813357
0.89993823
0.99302995
1.00840414
0.95500368
0.95312059
0.91375411
1.01848269
0.91137969
1.03057241
1.05237389
0.86313117
0.96372688
0.99672115
0.88870627
1.05786347
0.84561682
0.93409979
0.88198990
0.96373618
0.94500732
1.17856121
1.02696562
0.99443853
0.82813889
0.94624352
0.85423422
1.02803326
0.91173279
1.05168867
0.92256832
1.06760645
1.00219274
1.01655984
0.92572612
0.92894566
0.85752040
0.91794813
1.05679965
0.97390175
1.09157920
1.13261938
1.06190097
1.08868027
0.94832432
0.82874978
0.96287191
1.04901934
1.07586110
0.85889935
1.00284588
0.84438944
1.03005683
1.00070524
1.20332563
1.18124354
1.06952167
1.04743993
1.00039709
1.07966566
0.86957014
0.88777828
1.13628805
1.04273093
0.81341696
0.95006222
0.96935922
0.88685364
0.97189349
0.89681208
0.97384125
0.94626617
0.89994001
1.04193127
1.05318069
0.84667313
1.02131832
0.96438754
0.84306341
1.01513004
0.71325421
0.81644535
0.82835263
0.88340396
0.85003173
0.87490427
0.69334805
0.98272169
0.87496996
0.82817882
0.98777694
0.92170262
0.90919697
1.11527324
0.93859148
0.85272515
0.92388457
0.76968086
1.08498907
1.02891970
1.03746998
0.86742860
0.87041593
0.98677397
0.73378456
0.86317313
0.92480910
0.78900671
0.84764433
0.92759216
0.97557086
1.05766261
0.98394430
0.90487564
0.93567836
0.93853652
0.97967970
0.95972782
1.08784831
1.02427983
0.95437717
0.89973807
0.88779628
0.80368131
0.79457128
1.14725554
0.95306110
1.14119720
0.97290647
0.89968801
1.03416038
1.05865741
0.94891667
0.85819209
0.70412850
1.13001215
0.97725099
0.97279096
0.91904217
0.85957181
0.96240687
1.10596251
0.85854250
0.87058294
0.97565901
0.86418360
0.89491314
0.98844123
0.96067047
0.88623643
1.05655181
0.92572087
0.98915786
0.99111438
0.96860808
1.00299406
0.97687948
0.99257696
0.96119201
0.91207868
0.86232030
0.92076790
1.10150504
0.99086756
1.11468911
0.84001756
0.88791597
0.96863306
0.87117839
0.88513982
0.92253470
0.87639332
0.92909849
0.90577263
1.14495254
1.02464402
0.84305286
0.96089810
1.03309631
0.93694448
0.74135470
0.82362223
1.00641990
1.09627187
0.95009434
0.87877434
0.81256962
0.90837574
0.78208554
0.93647611
0.96986800
0.95816106
0.79083681
1.02110994
0.93310517
0.96036571
0.77761829
1.06130457
1.08168137
1.01909399
0.89103675
1.10100842
0.83775520
0.82179171
0.89254606
0.80534875
0.88082057
0.89039326
1.10603786
1.01193619
0.87988412
1.02410090
0.96700913
0.86928511
0.97177827
0.96318066
0.72167063
0.89629567
0.89239496
1.01057565
1.03217709
0.97641939
0.98997998
0.85466981
0.97570086
0.90728951
1.09798336
0.73499298
1.04977524
0.87516963
0.78197432
0.93912154
0.87336308
0.85103804
0.87347066
1.09653890
0.88471615
1.02120614
0.82529098
0.93225193
1.00282311
0.99416590
0.88442981
1.03008628
0.82414383
1.06688523
0.83865690
0.85957432
1.06329358
0.88462305
0.95189571
0.88016587
0.87722647
0.72525799
0.83350945
0.97346497
0.79886651
0.97075677
0.92758709
0.94870299
0.83926797
0.82085180
1.05792046
0.84112656
0.83342636
1.03027821
0.88693488
0.87010670
1.02302432
1.08987260
0.73998660
0.88223493
0.84068793
0.93506783
0.87218994
1.01380217
0.88601929
0.79706824
0.99355429
0.88295269
0.85445374
0.88668001
0.87424117
0.81602871
0.86994940
0.78714585
0.76819038
0.74688274
0.81135321
0.86109763
0.88368374
0.99852085
1.01108563
0.93678796
0.99418604
0.83323145
0.82641947
0.98436463
0.95729381
0.82688767
0.92079622
0.92398858
0.79852051
0.92367709
0.89727938
0.86524069
0.78370011
0.83736241
0.88435841
0.82743251
0.87568712
0.82653314
0.86483943
0.87249351
0.91663599
0.75713813
0.92794251
1.01009083
0.85205215
0.81514400
0.95343292
0.87058598
0.78871977
0.85997403
0.84928960
0.77700627
0.95849729
0.91970307
0.78550994
0.83813882
0.93691361
0.82043231
1.00783622
0.88546252
0.83529127
0.74455994
0.90765786
0.84737867
0.84500670
1.06748414
0.91091877
0.80771673
1.05153954
0.79680860
0.70159203
0.87893569
0.75555581
0.93835622
0.87797660
0.62311423
0.86037731
0.81844676
0.90852618
0.97690177
0.85202372
0.90353978
0.76305038
0.86226046
0.84474647
0.96119523
0.90107739
0.89546967
0.81215394
0.97768414
0.85189211
0.73386872
0.75110281
0.79147279
0.99079680
0.92137331
0.79327273
0.83116496
0.77688819
0.77087814
0.92877263
1.08640552
0.73194087
0.87938273
0.89279604
0.78844011
0.87824517
0.82308096
0.88236189
0.77055663
0.79420197
0.87831748
0.75542629
1.05348861
0.81786406
0.79919136
0.80467427
0.78346986
0.96191877
0.86862087
0.91337955
1.02124524
0.81410134
0.85770988
0.83351231
0.75032020
0.85657597
0.77826399
0.72051287
0.82878703
0.76708061
0.90584475
0.95353717
0.86433220
0.69786096
0.84402454
0.77860940
0.69603086
0.82270247
0.96321392
0.91280341
0.86155903
0.79218733
0.91632396
0.95069063
0.70430648
0.76657003
0.90765643
0.78920996
0.87310046
0.85410196
0.85267627
0.78470755
0.83785617
0.73473591
0.80627877
0.84547275
0.73657721
0.74002051
0.76091290
0.72755456
0.82576931
0.93143725
0.89885181
0.78924841
0.82501668
0.85037363
0.94705933
0.94277740
0.65193182
0.77713692
0.78158861
0.68105161
0.76200294
0.66308385
0.77851117
0.76122856
0.92195976
0.77429920
0.69982052
0.88878846
0.84659302
0.86769736
0.77805853
0.75995243
0.87833643
0.81455863
0.85019267
0.75742322
1.00713432
0.74921662
0.77551842
0.73953837
0.82828820
0.79072046
0.73678458
1.05363429
0.81861043
0.78270423
0.71532160
0.71696323
0.99507684
0.86829817
0.85543549
0.80249596
0.82207876
0.68337393
0.76645684
0.83998775
0.76067322
0.83740664
0.93011570
0.62171507
0.76834643
0.97600240
0.87826550
0.68407863
0.74285394
0.70265818
0.84360093
0.96257150
0.81964916
0.69269001
0.82883382
0.74431717
0.86228704
0.94710231
0.81000233
0.95255673
0.86698425
0.85267943
0.72888923
0.80521697
0.86939383
0.87171990
0.92319250
0.70875800
0.77435505
1.11667824
0.74599576
0.69147545
0.70816934
0.73300642
0.91092312
0.87878370
0.78432465
0.83828193
0.98072934
0.89187062
0.88898456
0.96210653
0.78519148
0.80114162
0.74200153
0.85617828
0.83534652
0.78551847
0.93702072
0.92316747
0.84430170
0.82117128
0.86559308
0.73438418
0.99428016
0.85531795
0.76382399
1.00715828
0.85310888
0.95221764
0.80873561
0.93402797
0.80995136
0.82912081
0.83579874
0.75060844
0.93397295
0.67819750
0.83303881
0.83716899
0.89302516
0.77182233
0.88049376
0.83638215
0.85991454
0.82976031
0.99724603
0.90046144
0.90526330
0.69037610
0.90757591
0.84470028
0.75134885
0.78155434
0.73017895
0.86838418
0.90544170
0.77728641
0.74698770
1.00918913
0.75797868
0.93300289
0.79728663
0.73139000
0.74806952
0.85050535
0.87293476
0.89398289
0.79147840
0.72630680
0.82839018
0.95407218
0.83621001
0.89162850
0.92073637
0.64582175
0.81313038
0.68048108
0.78364968
0.77151006
0.80534852
0.77071619
0.74199075
1.02382636
0.70639998
1.00045681
0.83229852
0.95018327
0.66155875
0.77859253
0.68413526
0.81323242
0.78609258
0.83128989
0.89154369
0.73106217
0.89469820
0.71007341
0.75523567
0.88235021
0.76158732
0.68902856
0.85709798
0.81082547
0.77009118
0.70798451
0.71187592
1.05736136
0.80239648
0.84681803
0.87575001
0.75583905
0.88993895
0.86415786
0.79761207
0.79541171
0.98580861
0.84205949
0.81556475
0.75570154
0.86071432
0.91585481
0.73732698
0.67575097
0.73024929
0.91426313
0.78825355
0.79437196
0.79331809
0.71232998
0.93738294
0.87365687
0.89984179
0.79831320
0.88896346
1.05728853
0.90209061
0.76273918
0.84148133
0.70566046
0.74727315
0.84012711
0.79155815
0.89175427
0.93704426
0.89588207
0.97384286
0.79586101
0.77217162
0.69012624
0.65083218
0.65090793
0.96041960
0.76875859
0.87378764
0.76919281
0.72101772
0.71705770
0.75421369
0.88752174
0.81292260
0.76903462
0.82238096
0.70828211
0.93313754
0.86429381
0.85063690
0.89344794
0.79961812
0.81537008
0.70445520
0.60919684
0.97764862
0.89674479
0.73919368
0.82967889
1.01375580
0.72824943
0.76494372
0.75343096
0.74799407
0.71076179
0.78485429
0.88811398
0.55429369
0.73365533
0.71965927
0.58440304
0.82469332
0.80557454
0.87194598
0.94790322
0.77336830
0.67349595
0.63015056
0.79151738
0.81078398
0.93621087
0.74281752
0.82540965
0.75187838
0.89613426
0.75351524
0.85864460
0.78178126
0.81717789
0.87585795
0.81572831
0.69609582
0.76383764
0.79950047
0.60993516
0.80606133
0.79330164
0.80585313
0.74314797
0.77682388
0.83414638
0.86114120
0.67579794
0.68487799
0.88780260
0.80446124
0.79627192
0.73860151
0.74338686
0.65534925
0.79028368
0.76646501
0.72461218
0.67007792
0.89580309
0.58696806
0.82669079
0.67510939
0.71140146
0.78877449
0.75708151
0.70399576
0.75098252
0.75568569
0.72150493
0.87442291
0.72119200
0.64442587
1.06114352
0.84876215
0.72646737
0.75641316
0.85555494
0.72928488
0.76903868
0.86327088
0.80952311
0.69786048
0.82633626
0.64621252
0.79453605
0.83322620
0.74053705
0.67428845
0.76195979
0.83369136
0.62689745
1.09581161
0.73344433
0.55256361
1.03814399
0.97718835
0.63654578
0.84368396
0.72406125
0.72440708
0.91120690
0.83050478
0.77362311
0.63995385
0.75738168
0.73518836
0.71107119
0.68509233
0.73451626
0.83463025
1.04993916
0.86741847
0.78870314
0.74247527
0.71940356
0.88285196
0.67109728
0.64553601
0.69041145
0.52770084
0.76192570
0.90378183
0.66739464
0.85217202
0.74968761
0.68028241
0.74839818
0.88889503
0.77057362
0.79274356
0.86961484
0.73608518
0.60676229
0.68442684
0.60140765
0.82433212
0.68273568
0.77183437
0.79889023
0.73995119
0.68598127
0.54092443
0.85499048
0.77154326
0.68789363
0.80561793
0.66696173
0.74489051
0.63772625
0.73751473
0.69772571
0.67181635
0.70501637
0.68202877
0.61363828
0.76791137
0.63871413
0.82108152
0.72228831
0.84830582
0.73662221
0.82857323
0.78333092
0.78339946
0.83549601
0.56776088
0.88330239
0.71564388
0.80084342
0.70299757
0.82093382
0.65542185
0.70225477
0.73094863
0.60069311
0.77790433
0.56512159
0.72810388
0.91236186
0.90992463
0.82477760
0.66358310
0.65363288
0.70119458
0.69044429
0.93118840
0.72061771
0.61456811
0.73583084
0.95489860
0.71433663
0.60728502
0.84410334
0.64364362
0.80001259
0.59747469
0.58599180
0.78672433
0.70582551
0.93386114
0.74498361
0.70238781
0.59228456
0.79381633
0.79175997
0.83417284
0.94021118
0.73758042
0.68321860
0.79814059
0.65838367
0.72825015
0.82136583
0.61169600
0.81188679
0.80848420
0.66638041
0.79893422
0.76494724
0.89547801
0.74147367
0.62958002
0.73606896
0.70259428
0.86562937
0.78500396
0.59929979
0.69905078
0.82317173
0.61549616
0.83063221
0.76163614
0.69435215
0.60636139
0.72755182
0.65123868
0.70654964
0.68919551
0.63341522
0.74894094
0.69178224
0.67098165
0.92006427
0.78098977
0.67636096
0.68670654
0.68004924
0.67422235
0.74669158
0.77341974
0.59239763
0.54793298
0.85525662
0.72684824
0.52310395
0.72108448
0.90788156
0.70198339
0.68550700
0.75322819
0.74919963
0.72075319
0.79792011
0.71077359
0.94380629
0.70866835
0.65904331
0.77657771
0.66417980
0.81114244
0.72873259
0.76926237
0.70515311
0.68042016
0.72175789
0.74808562
0.64060420
0.77614790
0.81854713
0.86718941
0.78762054
0.74065942
0.78331661
0.51072526
0.78234094
0.78263128
0.68172967
0.90624428
0.62583834
0.66719633
0.66041243
0.70409960
0.57086205
0.68610191
0.67111963
0.65131509
0.73619056
0.80353922
0.69108135
0.75261909
0.67816001
0.73728573
0.61532271
0.56123292
0.50902736
0.79636836
0.70510697
0.81572306
0.66225958
0.81317145
0.55432993
0.72769904
0.85284746
0.56997085
0.71958828
0.78231275
0.68148762
0.70443690
0.79670948
0.61677682
0.81065124
0.84259552
0.74778676
0.85211277
0.86667579
0.75100040
0.88046575
0.62835574
0.71698940
0.56247926
0.73273140
0.77004457
0.97988784
0.80982625
1.13231635
0.83462226
0.67468977
0.80472851
0.85946977
0.67739964
0.82996523
0.67915618
0.76165622
0.72083062
0.69525743
0.61828947
0.65001488
0.77060366
0.83764446
0.72275627
0.58452713
0.64701700
0.94409233
0.58735263
0.77093846
0.75772083
0.55428886
0.79110217
0.69803441
0.70849562
0.68931758
0.70740509
0.50917143
0.78951883
0.70124018
0.65322387
0.77788228
0.73514396
0.67998421
1.00545108
0.66144514
0.77433562
0.60436034
0.72194725
0.75610530
0.59206015
0.64589632
0.59514797
0.75070834
0.79366958
0.75807083
0.77729911
0.69696158
0.64700556
0.49517125
0.78439677
0.57671356
0.63732839
0.71480364
0.71728647
0.69980669
0.96817523
0.46647060
0.65393317
0.49728507
0.79523897
0.64686316
0.68583369
0.67300606
0.80424744
0.63358867
0.79771841
0.61519778
0.54620832
0.64867187
0.66929680
0.64979196
0.68517864
0.63112068
0.56925404
0.63382304
0.60471690
0.83922136
0.71994829
0.67157400
0.71211231
0.58785439
0.71675813
0.61681879
0.57299358
0.65846801
0.74062014
0.70701730
0.53937852
0.63233232
0.70591652
0.85198802
0.75124598
0.56888092
0.66531277
0.67352760
0.75118124
0.70782882
0.97846448
0.71057689
0.75504452
0.68566209
0.74587339
0.87945294
0.79957110
0.61078310
0.66702783
0.64391005
0.67380738
0.67474765
0.71899116
0.86378574
0.59187990
0.70655733
0.54787946
0.62998396
0.64013147
0.87144667
0.66480303
0.63735223
0.87754905
0.66596889
0.64740908
0.75508291
0.61663449
0.61818874
0.70745802
0.68216407
0.75879657
0.75005293
0.49457505
0.75434864
0.62465179
0.55580419
0.68085021
0.69252682
0.70164907
0.74660069
0.59017819
0.78384125
0.74698436
0.71379411
0.75598943
0.57682061
0.74188852
0.53397512
0.61721897
0.56245065
0.50376433
0.65967536
0.59440458
0.50847727
0.67313057
0.72994143
0.87463558
0.66025293
0.78364825
0.65203059
0.71121240
0.57632923
0.54963493
0.69972444
0.66137195
0.87990689
0.61553204
0.59328431
0.80849171
0.74950135
0.69001186
0.58209974
0.65457207
0.74323589
0.86506152
0.66252714
0.65921885
0.88589704
0.69277233
0.74616253
0.68859595
0.50329512
0.80440754
0.71968246
0.69057763
0.67334950
0.82567692
0.65866828
0.65364403
0.67831373
0.76239967
0.70148253
0.56517851
0.54107231
0.58679134
0.81583822
0.66790789
0.78900743
0.69857830
0.84223211
0.71451449
0.80828559
0.65415376
0.75147426
0.70489132
0.78945458
0.68951190
0.63613760
0.70543718
0.61176753
0.70298207
0.65471965
0.75924027
0.64883655
0.69077432
0.65742433
0.56013149
0.58102155
0.62157422
0.82535142
0.60635185
0.61762810
0.72456205
0.71348107
0.79017532
0.67382443
0.77010727
0.59615624
0.71190441
0.73651731
0.79201019
0.77841890
0.80612200
0.76535881
0.61257887
0.60308528
0.66932708
0.66973627
0.73327416
0.63334960
0.82741463
0.72641027
0.79700494
0.40319327
0.74298334
0.59231329
0.51116234
0.78607935
0.56281555
0.57409590
0.60801929
0.60259753
0.56060177
0.85429478
0.67359215
0.61479497
0.71768510
0.58221066
0.65791404
0.70269775
0.69218588
0.67261362
0.79599077
0.62409449
0.64606464
0.79593021
0.54113048
0.70977908
0.68768191
0.78792071
0.55627501
0.79223228
0.58015382
0.62859106
0.75248682
0.79599708
0.73441595
0.54864335
0.62977362
0.69812119
0.58279312
0.56850010
0.70622891
0.87724078
0.68040621
0.67194730
0.54492867
0.63106024
0.63186407
0.88482046
0.64033413
0.60467720
0.70177233
0.65944827
0.69155139
0.72899020
0.68342417
0.55351281
0.67105645
0.65386313
0.59609950
0.59709954
0.65739900
0.68286037
0.84502602
0.65130377
0.73890060
0.70424134
0.53896368
0.82812726
0.65559596
0.64750624
0.58568400
0.82884067
0.64845085
0.68928403
0.71191299
0.57398939
0.72723591
0.77374935
0.83107793
0.60865068
0.57894057
0.73147011
0.64308834
0.73621392
0.69768065
0.82805502
0.53196710
0.61780119
0.74249089
0.66695875
0.84651160
0.62035084
0.70393455
0.63614440
0.54173434
0.68985724
0.67528355
0.64598703
0.69175410
0.68207312
0.60202116
0.84472775
0.59724241
0.61968768
0.70782220
0.50788450
0.70790148
0.77943027
0.61969590
0.75211668
0.67175132
0.75732565
0.55508459
0.51976120
0.82412601
0.63396466
0.59635079
0.68230641
0.59349287
0.84954149
0.69808054
0.75571185
0.74994904
0.72621298
0.62658900
0.61644554
0.71146446
0.58595109
0.67286313
0.69964308
0.79379034
0.65820342
0.69717860
0.70016634
0.71907431
0.59002358
0.77606440
0.72644639
0.82665223
0.78151941
0.55581629
0.59870398
0.69363207
0.66522431
0.69401979
0.72414124
0.74067652
0.50970662
0.93789577
0.66064799
0.58879268
0.61339223
0.68449092
0.70226145
0.66102129
0.78289270
0.47180888
0.66463268
0.55666071
0.69725162
0.58062774
0.57778645
0.70518762
0.58993185
0.61769056
0.59434265
0.66066480
0.68039834
0.79086620
0.52219522
0.68044811
0.58085716
0.51989794
0.64316034
0.60036671
0.58891892
0.41439930
0.63877439
0.55184108
0.68128741
0.63368952
0.61786497
0.82056081
0.57748473
0.64690244
0.50812060
0.80349880
0.61225593
0.62537313
0.66137594
0.71620536
0.57615030
0.57870531
0.76191759
0.52370805
0.52847093
0.41887948
0.64775240
0.47383043
0.60541165
0.67294961
0.60705757
0.60330200
0.47247139
0.76877290
0.59202564
0.56851757
0.67257220
0.64132273
0.83798110
0.62106365
0.69725353
0.68949509
0.81843275
0.65225405
0.57732505
0.61434519
0.71666348
0.73763311
0.70883095
0.55805326
0.57306725
0.72269499
0.62923944
0.48986533
0.64646864
0.84551132
0.71753752
0.59514821
0.58420897
0.59267634
0.67197144
0.65166765
0.65149009
0.61777329
0.64534211
0.64658785
0.63523889
0.67324442
0.56364274
0.54200792
0.55227315
0.56922472
0.78575718
0.67730474
0.61604214
0.48889327
0.63432467
0.57583642
0.59223771
0.57228804
0.62779391
0.55235940
0.38583475
0.54465425
0.55531806
0.56394249
0.47405317
0.59400308
0.53542137
0.61240828
0.69392717
0.41620094
0.68677425
0.66555643
0.77357954
0.78937554
0.60450828
0.53895819
0.62815976
0.53432620
0.59141874
0.58858418
0.68399614
0.66939574
0.68007576
0.70736086
0.67704439
0.65031350
0.63732910
0.78697860
0.60980302
0.58949047
0.76326787
0.63682902
0.71832848
0.81345284
0.55530834
0.61808926
0.67930257
0.70287204
0.52042305
0.72588140
0.61059994
0.60877323
0.59338915
0.57896048
0.62047833
0.50359714
0.78320396
0.55169684
0.52184182
0.66656828
0.70404768
0.48984140
0.69769418
0.59560668
0.73998117
0.54078776
0.67140484
0.65339988
0.52777541
0.61723614
0.52071762
0.53261209
0.61023939
0.56993616
0.58178604
0.53463447
0.66160941
0.76559556
0.67277050
0.48218423
0.60408342
0.75059044
0.60876030
0.59289497
0.59776640
0.58683670
0.68979651
0.92691463
0.50969470
0.59295964
0.55384290
0.56898022
0.72929543
0.59099388
0.61501485
0.55841923
0.71014118
0.69487703
0.52027643
0.60337722
0.68958712
0.66295695
0.63646996
0.64853436
0.57993692
0.68932498
0.77143413
0.71181464
0.84991610
0.68071675
0.59048462
0.61994314
0.71733522
0.58881831
0.68281293
0.79881811
0.62969542
0.80874139
0.59969741
0.67420202
0.63225508
0.73386651
0.69140434
0.65293354
0.50255871
0.67383039
0.62884033
0.62707376
0.74610168
0.84949344
0.66559649
0.61774975
0.56117296
0.52105957
0.79831624
0.71815658
0.78098893
0.58457208
0.51191008
0.50299370
0.65201342
0.58926731
0.62729347
0.67516184
0.64978957
0.60845345
0.62119955
0.68403322
0.51278198
0.63265932
0.64917016
0.86116421
0.55940640
0.61033666
0.61338955
0.50524676
0.60625064
0.56243473
0.49813738
0.64916760
0.66456842
0.75182438
0.59428000
0.61650050
0.82357949
0.74968672
0.70495951
0.70661914
0.54807979
0.64430326
0.66218644
0.71424353
0.51168001
0.59846115
0.71140361
0.61234623
0.74606407
0.56853783
0.61487049
0.68139100
0.62623334
0.72433496
0.69328165
0.54425937
0.67437631
0.62245750
0.56754559
0.53945684
0.74320662
0.57216710
0.49197778
0.70428514
0.61301726
0.51034957
0.71345520
0.63263178
0.54811966
0.79254973
0.62240362
0.55155158
0.67560250
0.64004385
0.58388567
0.66437066
0.74780178
0.51483458
0.52786279
0.72144657
0.76078200
0.79683721
0.50360632
0.70087457
0.63151664
0.59494197
0.68902695
0.67748690
0.66013110
0.55247098
0.65638340
0.65613389
0.64335650
0.61643612
0.60303926
0.55304587
0.60697567
0.69248450
0.77524155
0.49254328
0.59415746
0.55426645
0.51082283
0.60683346
0.60614288
0.53359401
0.76430154
0.57475269
0.72541565
0.73658657
0.59859812
0.57621479
0.66347903
0.63449097
0.61434650
0.63750386
0.69103456
0.71286833
0.63519090
0.57567024
0.68332273
0.67495346
0.50290620
0.49552768
0.76108569
0.58624083
0.57339019
0.71866482
0.59286070
0.71789366
0.63638765
0.55401176
0.70995808
0.61892784
0.54150617
0.61713314
0.70479685
0.60788530
0.55657232
0.76883739
0.52588195
0.68496132
0.43029937
0.56236047
0.52634287
0.73862672
0.63394517
0.60058385
0.65825289
0.50719410
0.41485158
0.51557350
0.50160313
0.60555124
0.59576964
0.67376745
0.64409083
0.57126892
0.58026659
0.59860408
0.55148888
0.52889228
0.53287482
0.55996478
0.60612679
0.67733133
0.50759578
0.62609005
0.77754426
0.57996756
0.55332482
0.40423077
0.65042156
0.63553309
0.62123752
0.63816494
0.62264264
0.54575908
0.64875185
0.60863197
0.49309254
0.72614145
0.62965930
0.76333117
0.56688154
0.56547457
0.72169363
0.56751031
0.45304549
0.58799434
0.73735195
0.43976939
0.65995193
0.55524832
0.50799596
0.52887177
0.72622263
0.47592959
0.51110762
0.62465036
0.56946075
0.41184419
0.63537228
0.57633007
0.67997801
0.44055119
0.47606558
0.61272097
0.62799358
0.60465157
0.59824282
0.58849967
0.45277888
0.51148379
0.58125579
0.47628713
0.70313019
0.51263785
0.67638505
0.66108775
0.35169533
0.60513973
0.56395519
0.55686784
0.67469317
0.49042967
0.74628305
0.83521402
0.57541448
0.69490945
0.53287685
0.41270596
0.75873375
0.58612943
0.59875703
0.56449038
0.55587447
0.53729832
0.51877803
0.70512140
0.58670294
0.71130192
0.56159389
0.60947496
0.70858669
0.44942731
0.55679059
0.72015631
0.69244283
0.41342956
0.58639890
0.46918976
0.44503903
0.54196018
0.49942836
0.75278050
0.70747954
0.59296560
0.44740838
0.54670954
0.55645472
0.52193284
0.66942990
0.59881169
0.54956400
0.75311637
0.52672166
0.70764589
0.67444009
0.44033390
0.52899498
0.67155480
0.66830540
0.53135180
0.75366640
0.65871835
0.61424971
0.52165270
0.45425281
0.61497450
0.62980241
0.72294033
0.47650674
0.44973648
0.75323904
0.52224857
0.50770926
0.62827277
0.66922349
0.44787461
0.53633910
0.73454607
0.51601505
0.44212002
0.59069073
0.53827906
0.60357821
0.65569198
0.56969261
0.65461391
0.67954707
0.71532631
0.73381960
0.57689589
0.56930387
0.68768871
0.49084508
0.59451652
0.52842224
0.68903434
0.52991080
0.73095536
0.46143705
0.62706482
0.57182533
0.71854770
0.61782396
0.47933820
0.47134900
0.63395071
0.66797078
0.60142738
0.50774539
0.50750595
0.52687114
0.63857925
0.67272782
0.53829551
0.51802218
0.56176567
0.64386702
0.66496789
0.48173228
0.58394122
0.61070800
0.61117101
0.57740438
0.72670609
0.53193909
0.69713867
0.53650439
0.46100312
0.59823287
0.59128135
0.55278659
0.46566981
0.64400822
0.63408577
0.51319826
0.57949418
0.64222312
0.67616510
0.81530011
0.54537714
0.49498612
0.50597107
0.70488822
0.58549541
0.53717780
0.74036378
0.61189586
0.50184917
0.77533412
0.62704265
0.52276176
0.61835992
0.60472572
0.58019185
0.53477800
0.61686003
0.49029332
0.56479669
0.60819250
0.64522874
0.61690080
0.57881922
0.69478375
0.56934679
0.46589383
0.62546718
0.58556545
0.54173863
0.68264294
0.60292941
0.58607626
0.64949346
0.48492581
0.62981367
0.53947192
0.56278682
0.76607978
0.61963189
0.61108458
0.58278120
0.56111169
0.52520633
0.43172768
0.54914117
0.64540505
0.45264727
0.46162325
0.50178003
0.59169602
0.70437813
0.52714276
0.73344940
0.53083742
0.62975800
0.53602588
0.55624306
0.58134574
0.57382631
0.70872664
0.59634322
0.63325828
0.51494521
0.53334165
0.60012436
0.58568943
0.49531275
0.51676148
0.70132476
0.58147180
0.70480543
0.42003545
0.64801931
0.59834194
0.72111034
0.51695180
0.66613102
0.84721518
0.65644360
0.58559644
0.60819393
0.76959801
0.57551479
0.72482789
0.60712636
0.56227887
0.61758322
0.56114829
0.45689556
0.58513069
0.56742847
0.50412935
0.53851587
0.65558410
0.72741598
0.66180050
0.63171959
0.63833332
0.56016791
0.73213565
0.52402186
0.67762423
0.53204679
0.55734670
0.61182976
0.56229174
0.58521962
0.61120021
0.72502387
0.55354333
0.41867626
0.66195905
0.43763971
0.64954817
0.78951269
0.50604773
0.42576063
0.78871650
0.45560372
0.59321988
0.57527179
0.72994119
0.72949749
0.46796834
0.57975519
0.61917430
0.71999025
0.50267130
0.71393454
0.59453416
0.67119110
0.76606601
0.52844715
0.40506673
0.73068833
0.50488013
0.62319756
0.58222950
0.62418294
0.68451399
0.58878523
0.54607242
0.49111545
0.86239278
0.60400659
0.44496208
0.62617683
0.61772299
0.58034563
0.59649152
0.67364436
0.55105007
0.58932763
0.62510943
0.50206757
0.51086831
0.57209086
0.51619875
0.50710142
0.60612828
0.55545360
0.53720635
0.45617729
0.49258363
0.56874806
0.54229522
0.53411925
0.52329016
0.42795512
0.58185017
0.54032290
0.66317439
0.58628857
0.55689633
0.53344274
0.51594925
0.51717895
0.58372760
0.56027019
0.51767832
0.43379161
0.49658108
0.52869970
0.57156050
0.38315278
0.65945250
0.53584284
0.64484018
0.40749657
0.46675485
0.50047064
0.49540251
0.58401370
0.56207526
0.40756786
0.57323509
0.44777298
0.56194907
0.59032279
0.64759743
0.60192651
0.57207203
0.50582117
0.45377767
0.48854035
0.56966507
0.45361802
0.42330444
0.49866918
0.60649788
0.61465675
0.57320082
0.50703448
0.36289138
0.64676213
0.49792147
0.46457019
0.50836098
0.87609351
0.36563405
0.62624317
0.72415400
0.53245419
0.61981070
0.61928111
0.71327484
0.58742869
0.48718107
0.42072833
0.45691717
0.41054589
0.64322853
0.59035736
0.51109803
0.63356197
0.53612375
0.45337570
0.60822934
0.49211082
0.48677075
0.45458537
0.51601398
0.64358044
0.52237791
0.48810852
0.62425405
0.55403554
0.70223403
0.35477656
0.51574457
0.53481674
0.44171566
0.62115973
0.71499860
0.53747410
0.55862635
0.47620046
0.45259836
0.62560594
0.49574795
0.52087116
0.57563508
0.51643962
0.49507892
0.59171546
0.69363964
0.59151649
0.52824020
0.54880345
0.57713020
0.48479354
0.58344805
0.50968248
0.51268291
0.45858172
0.58885241
0.47856933
0.62324750
0.64231133
0.55582654
0.63491762
0.48774821
0.51142120
0.61197948
0.61142480
0.54798067
0.60801542
0.55072504
0.43237889
0.59929729
0.60142791
0.51618463
0.72383666
0.57766724
0.51004589
0.67945147
0.63747871
0.48243767
0.61286312
0.72006416
0.66827506
0.61456364
0.52979952
0.55283785
0.58407974
0.59784973
0.49572703
0.59566951
0.62311172
0.66660005
0.55005109
0.56992698
0.75377059
0.55325258
0.40911266
0.69715929
0.52415127
0.54561520
0.65239644
0.57180882
0.58546180
0.56885701
0.60383308
0.67631334
0.49643573
0.58946258
0.72398949
0.48149049
0.59105039
0.59162486
0.48759180
0.55087602
0.64873934
0.62798154
0.60899615
0.49881846
0.51365113
0.53654206
0.59603906
0.73567194
0.53876865
0.70919114
0.54321319
0.71708602
0.55808389
0.43078041
0.56803763
0.57493836
0.59029162
0.55292076
0.56869972
0.51675105
0.59700483
0.47964114
0.42470229
0.58246648
0.55798900
0.63854367
0.47805378
0.75183773
0.46818000
0.76231325
0.38881177
0.50783467
0.56241035
0.49386311
0.64493096
0.54088020
0.42914975
0.60089684
0.62350959
0.60000873
0.68973166
0.77443254
0.53200632
0.53511012
0.40882045
0.62722135
0.49821001
0.60693467
0.44945678
0.63747025
0.41104618
0.66299498
0.34629044
0.54273289
0.52694416
0.52059978
0.49907878
0.50365967
0.51119411
0.57363164
0.57754946
0.40466309
0.51827216
0.55654275
0.71653688
0.54595590
0.48657572
0.69640559
0.51047397
0.54358584
0.67916143
0.51315594
0.53471452
0.59723449
0.55560666
0.52504480
0.53846133
0.44271985
0.45711443
0.42613021
0.68302828
0.53937781
0.65769935
0.46652564
0.47915757
0.49572971
0.55207247
0.65403175
0.37030315
0.57082754
0.69411212
0.74078423
0.63647485
0.54869270
0.72885525
0.55618775
0.76591921
0.42365766
0.48982334
0.38096935
0.50761056
0.37569287
0.52038342
0.55767477
0.55866277
0.57473928
0.52759326
0.46110582
0.57488978
0.55901563
0.60643065
0.58996361
0.63457382
0.58450854
0.52197921
0.53641325
0.40427229
0.58113480
0.60651958
0.49490440
0.62278783
0.54414725
0.53318459
0.71902192
0.52895433
0.46750301
0.45426643
0.41450083
0.62772816
0.65320683
0.59271169
0.59674454
0.62963402
0.44871020
0.48035407
0.39150912
0.44623667
0.46197039
0.56768239
0.69415253
0.55884916
0.56972772
0.50786662
0.55659842
0.48798886
0.52511621
0.55083668
0.59978569
0.74897546
0.41097033
0.49328983
0.63481712
0.79102254
0.54470456
0.45273948
0.45688838
0.41417497
0.50905621
0.59370047
0.58108586
0.63550055
0.59571481
0.41069326
0.61403108
0.68623817
0.55966336
0.43729818
0.45223522
0.34199986
0.48281783
0.61314690
0.41342729
0.51893556
0.41815031
0.51778501
0.56100667
0.77730107
0.41803136
0.60105008
0.54676336
0.63077235
0.54413557
0.71223426
0.54805088
0.54889083
0.57326341
0.65691465
0.56506503
0.46936706
0.48643535
0.50917739
0.48538345
0.48318863
0.50062352
0.46300745
0.59116852
0.56003022
0.49058837
0.51605970
0.55736315
0.46042317
0.45074233
0.54753768
0.57393730
0.48771301
0.47272968
0.50786388
0.49743348
0.52026522
0.43246621
0.53285921
0.37256461
0.52928185
0.54900503
0.57753581
0.35564607
0.42554483
0.53362536
0.47820193
0.60910678
0.48642111
0.42858261
0.51840913
0.55132556
0.60722250
0.55041385
0.63208401
0.54109222
0.46430588
0.49022949
0.59975284
0.55002356
0.43473160
0.47628617
0.49969003
0.44587487
0.59640050
0.68312883
0.58352757
0.40651029
0.42444128
0.55542403
0.57722813
0.50547081
0.62486690
0.49820840
0.56621003
0.37894917
0.69477636
0.48338243
0.63745505
0.61334813
0.45569175
0.67822641
0.56998354
0.54420280
0.60650277
0.52792048
0.51493865
0.50046915
0.50342715
0.46092632
0.72260612
0.43868667
0.46402580
0.45637017
0.51929784
0.51455700
0.48839733
0.59930271
0.44027987
0.55862671
0.59224832
0.52687800
0.51308453
0.42758334
0.55286831
0.50265086
0.64390695
0.50371885
0.58543134
0.59392339
0.49447882
0.61114860
0.43331814
0.62122977
0.48680544
0.58694953
0.47291020
0.53482550
0.45417225
0.39784771
0.51154947
0.37932378
0.55464292
0.54571223
0.39192128
0.42802393
0.69705379
0.55829084
0.59778798
0.49503303
0.50206953
0.42311013
0.63667691
0.48578206
0.52443814
0.46169120
0.55523199
0.42253447
0.42786139
0.49990320
0.50618911
0.46465158
0.52959698
0.60944790
0.48376888
0.53615844
0.59525609
0.40310746
0.51512122
0.52540588
0.63090891
0.54604232
0.61442077
0.59103739
0.50849378
0.53948671
0.59872484
0.55344588
0.50143790
0.44888911
0.49279568
0.54804242
0.51744264
0.47079051
0.53747743
0.55901212
0.53474486
0.52831352
0.53217703
0.58774197
0.50956976
0.55159903
0.40978426
0.41029781
0.50002480
0.56209677
0.41564673
0.47347125
0.68998343
0.70856285
0.46256292
0.52039313
0.52710193
0.57676840
0.45440781
0.52646333
0.36628848
0.56681722
0.52341723
0.60497975
0.56186068
0.59844273
0.57237232
0.70157224
0.44188589
0.63051617
0.63602769
0.41326237
0.53273344
0.48548329
0.46545190
0.53224850
0.57066649
0.62064672
0.45859629
0.37414801
0.35228994
0.39983803
0.58436215
0.65624285
0.54634356
0.45660728
0.57480669
0.71057546
0.52683753
0.48970181
0.69910836
0.45459744
0.53748196
0.43833274
0.62108588
0.51626146
0.48046735
0.52973962
0.50423169
0.60913849
0.37311286
0.46114194
0.61087084
0.61537373
0.67805207
0.49489272
0.63581848
0.54392970
0.53157699
0.48374057
0.51392198
0.57538331
0.55833030
0.57340086
0.56386477
0.49660242
0.39970273
0.58485770
0.45823419
0.51771140
0.62469876
0.47146100
0.57436281
0.52536029
0.67374671
0.37199122
0.43867871
0.48381856
0.59132439
0.55505192
0.64959276
0.31072289
0.41427156
0.49556741
0.46385816
0.41290027
0.45271748
0.52053732
0.47451061
0.49124029
0.54585052
0.51703948
0.57187116
0.50885975
0.44210786
0.40835491
0.54318881
0.46982670
0.54370868
0.50801384
0.65020466
0.58423471
0.43227941
0.49188751
0.45554572
0.64086682
0.51462162
0.48015851
0.38680866
0.50996947
0.39240992
0.43412203
0.54000103
0.54630142
0.45677283
0.57496738
0.50750154
0.62884724
0.66080093
0.55810356
0.60053104
0.61503935
0.53662491
0.46445081
0.70633018
0.49161094
0.47036201
0.63508534
0.52642179
0.67634535
0.53782809
0.56148350
0.71428299
0.68639666
0.53693897
0.54959828
0.56112695
0.65742660
0.52972752
0.36482513
0.49951655
0.58389467
0.41135836
0.59778368
0.37262645
0.56005388
0.64156914
0.61145735
0.56503987
0.40149376
0.75048745
0.47849876
0.59472901
0.68415576
0.61031252
0.69382548
0.70619547
0.54306459
0.58311421
0.42697799
0.45661581
0.45515844
0.51477754
0.54648662
0.60171998
0.65167046
0.52274597
0.71640098
0.70087659
0.53163803
0.61437541
0.60296237
0.62976062
0.51030850
0.46433473
0.54947871
0.44330856
0.54752558
0.57289672
0.51265174
0.42224479
0.50938284
0.43696472
0.39721715
0.47481525
0.59077239
0.48909190
0.48801249
0.43439573
0.43851066
0.58566511
0.44424969
0.53191823
0.36991358
0.53601706
0.50161481
0.43899328
0.60704869
0.59735078
0.42483151
0.44571719
0.44445556
0.54848969
0.53951800
0.50175607
0.52244163
0.55160666
0.41613942
0.39572078
0.50644040
0.46999741
0.49918911
0.58047116
0.50201631
0.55602765
0.50039542
0.46461916
0.51833481
0.41148373
0.42686737
0.47787380
0.42634192
0.40360433
0.48531479
0.48082682
0.59518242
0.53325391
0.57100391
0.65694219
0.42570573
0.54773712
0.59993410
0.38041380
0.48835766
0.52707070
0.59530479
0.52275670
0.64144909
0.54196471
0.50062156
0.47019678
0.36055362
0.53248072
0.37366593
0.57614255
0.55679619
0.44827288
0.55658150
0.41670793
0.53826326
0.41532198
0.66909271
0.43080661
0.49741077
0.58868670
0.35401583
0.49031872
0.39143816
0.60047930
0.44090676
0.49029386
0.33709052
0.61625051
0.52567029
0.41216552
0.40895373
0.44229531
0.58001453
0.46263447
0.56926876
0.63203478
0.37085062
0.59676683
0.46883780
0.36357689
0.59386265
0.43140620
0.48375154
0.68858784
0.48247451
0.44778681
0.44226202
0.54165375
0.39104053
0.53128403
0.51133591
0.52958167
0.58459747
0.51943505
0.38807553
0.49639389
0.44044042
0.50058848
0.43072182
0.53741986
0.50679290
0.63350129
0.30864498
0.52643895
0.43940777
0.52400708
0.52063447
0.52582574
0.46996921
0.52228653
0.43624347
0.42834973
0.43168473
0.41298559
0.69252747
0.52540839
0.50472659
0.45507729
0.69010121
0.33302718
0.33187503
0.70931315
0.52941048
0.36164850
0.56643337
0.42102259
0.55877441
0.47874105
0.49810210
0.38577724
0.41161340
0.71953452
0.58586442
0.36485836
0.46194470
0.52105045
0.58633870
0.50319660
0.57611454
0.60612077
0.48308378
0.48977861
0.57515502
0.54309648
0.61460501
0.38850236
0.63918352
0.38785794
0.53185642
0.41935939
0.43677190
0.47669563
0.51340306
0.52989137
0.58916688
0.48807681
0.57981694
0.53388906
0.34796506
0.33940050
0.40700695
0.61252344
0.56022346
0.60279042
0.33468306
0.52618974
0.47062510
0.64587152
0.43043637
0.64783949
0.49183542
0.44593194
0.49387819
0.46518788
0.56581259
0.45185703
0.59996343
0.33531234
0.41421482
0.44419846
0.41657668
0.45588654
0.57551610
0.44049343
0.78367335
0.36819685
0.58161581
0.48989767
0.56285131
0.54696119
0.48665068
0.56416982
0.44627202
0.50866568
0.45480722
0.53683317
0.57993150
0.50172317
0.40033773
0.64912772
0.67408597
0.38717303
0.59988201
0.63278204
0.64261460
0.53587681
0.67556870
0.56041873
0.47106463
0.51295650
0.55370343
0.36621308
0.41169414
0.51402366
0.62193465
0.48140708
0.53759885
0.37757879
0.53379405
0.62319922
0.39964247
0.40507385
0.42772448
0.46250767
0.51201844
0.48611760
0.44001633
0.61128402
0.56150293
0.48683053
0.55451483
0.49929079
0.52580243
0.55603421
0.54216695
0.47910050
0.49684134
0.44255340
0.43071947
0.56255043
0.44731918
0.43394104
0.51851153
0.65049320
0.53313178
0.61783624
0.50448114
0.52197045
0.52039552
0.50286651
0.36608869
0.58223498
0.47584587
0.64202821
0.59482276
0.62486148
0.33623612
0.43168718
0.45093429
0.48010570
0.49894908
0.51418561
0.61284804
0.53592110
0.40117985
0.35865831
0.41349888
0.44418111
0.50393933
0.52907062
0.46525928
0.52449811
0.61033976
0.45845640
0.59295583
0.53527898
0.48063859
0.47079509
0.44770777
0.41169322
0.49855667
0.36262187
0.34818536
0.51675010
0.49774998
0.52522135
0.41198432
0.54169071
0.49468005
0.46221876
0.56215334
0.42032576
0.41016048
0.51699519
0.51521611
0.45073068
0.50712091
0.50571710
0.54865116
0.36581317
0.52096784
0.65163809
0.37816641
0.58142376
0.60722947
0.46486402
0.60649699
0.43646139
0.67602593
0.41963053
0.43794066
0.61005121
0.55184019
0.49387774
0.77809262
0.51125479
0.53116196
0.61918938
0.40200239
0.37533712
0.52116764
0.57322687
0.47624263
0.68058443
0.45877686
0.58266532
0.52325487
0.61287850
0.59248036
0.55465424
0.40999717
0.49260488
0.52170593
0.43131530
0.39748704
0.35712919
0.48118630
0.38891608
0.54988742
0.45577392
0.47755128
0.43044007
0.39446148
0.35033906
0.39753348
0.51325029
0.50865746
0.33608174
0.53611612
0.45198357
0.39392620
0.41726196
0.49058187
0.49808592
0.33453301
0.38082415
0.36935881
0.43060386
0.39325041
0.33724278
0.62918347
0.38002449
0.47306284
0.50358099
0.48803154
0.42698705
0.44998363
0.58163130
0.31902164
0.40361407
0.48919314
0.41203707
0.56555945
0.29216707
0.50322187
0.64700562
0.38833585
0.51657605
0.44076881
0.38678896
0.42127019
0.34423423
0.40847719
0.47729465
0.43507314
0.44873732
0.31749314
0.44618067
0.54574168
0.46882451
0.40881133
0.50422925
0.34125388
0.48639518
0.44178918
0.46854496
0.47024459
0.69390368
0.58743507
0.48310378
0.48147035
0.53849328
0.39741424
0.50801593
0.44840002
0.56049788
0.45945358
0.44852638
0.38693163
0.60247797
0.46395546
0.40201131
0.38214806
0.34407511
0.31341994
0.41776872
0.50377858
0.60760570
0.43463570
0.49770117
0.40050402
0.53862143
0.54271436
0.50946468
0.44700840
0.47867110
0.49126187
0.47718674
0.43566775
0.47641379
0.44418842
0.42117161
0.37263724
0.48574549
0.45972174
0.56917858
0.33249545
0.55731356
0.52813727
0.47312334
0.48594064
0.59368491
0.55008554
0.52038610
0.45802432
0.39847875
0.44574842
0.34795552
0.49937388
0.59279829
0.45194197
0.33571386
0.50887930
0.45483518
0.33768862
0.44502077
0.36595285
0.47708702
0.49454352
0.58132792
0.64170611
0.60120893
0.76351821
0.39752632
0.53282309
0.55969238
0.38266665
0.47941682
0.37334830
0.53819740
0.60052526
0.48532298
0.43476808
0.50713056
0.47456774
0.51952839
0.45746905
0.41034824
0.36911154
0.54608595
0.55489248
0.39128992
0.47343445
0.44499275
0.50310087
0.64578688
0.49783450
0.39257872
0.61887121
0.62217462
0.39281517
0.55301452
0.32530063
0.43601879
0.43603691
0.50786233
0.36546600
0.40517175
0.51198471
0.55767250
0.59702063
0.71719056
0.51978439
0.53883243
0.34881216
0.51435834
0.52551597
0.47337377
0.40861368
0.47398448
0.52940005
0.38980880
0.45313537
0.38203710
0.42698455
0.44492212
0.40399650
0.62481773
0.45150608
0.36958542
0.48774636
0.40197653
0.56226975
0.34359843
0.42170560
0.54610682
0.26993096
0.48155221
0.55074394
0.33516952
0.35990763
0.44312358
0.71549964
0.68162602
0.43502650
0.44940099
0.63693297
0.51956767
0.50751221
0.51334894
0.41166645
0.44506001
0.36975700
0.48139063
0.46893090
0.49793357
0.53116000
0.51961660
0.53810632
0.50720602
0.42108911
0.46446222
0.45775664
0.47289151
0.32370532
0.39480859
0.45805600
0.56472981
0.48113000
0.52797127
0.37696546
0.41038433
0.55980647
0.40146211
0.49210441
0.53249073
0.45400733
0.45806453
0.51674843
0.45628422
0.39586967
0.52939141
0.50824201
0.69402218
0.68277025
0.45421222
0.42534721
0.32952464
0.42431086
0.41555241
0.55658805
0.57594275
0.32487833
0.48880494
0.62481141
0.37665644
0.58043361
0.50120139
0.50364661
0.57467008
0.47037590
0.55834574
0.49326009
0.37245369
0.42311156
0.43655813
0.63002551
0.46273512
0.52228498
0.74051285
0.53736597
0.35944229
0.36508957
0.60912460
0.41636351
0.53698397
0.59126723
0.44516659
0.38497019
0.63475275
0.46802112
0.44778925
0.47006428
0.39500099
0.40175611
0.51520950
0.49408656
0.31938666
0.56143451
0.53965116
0.57917869
0.45039821
0.48604989
0.36861360
0.48351330
0.48114884
0.56486642
0.42875749
0.36258516
0.57783031
0.41094762
0.50800943
0.45886675
0.41650689
0.50498813
0.47463933
0.52964842
0.56367445
0.30947492
0.53986055
0.54134035
0.45008850
0.46472064
0.40386564
0.72004807
0.54750407
0.36918843
0.45317340
0.63709366
0.49389952
0.55673295
0.43490526
0.49306479
0.56321436
0.53045446
0.48801911
0.42742640
0.31784326
0.46360347
0.40937942
0.48426306
0.44976139
0.49453291
0.52191043
0.48433071
0.48358110
0.34943199
0.43242759
0.55571634
0.40687329
0.54645097
0.48344344
0.47445011
0.52489889
0.49183875
0.36528572
0.54721403
0.44560176
0.45325375
0.34635234
0.38423413
0.47139481
0.53154576
0.36106035
0.39491642
0.54671711
0.43469790
0.52669156
0.63095498
0.50590307
0.46375638
0.37511444
0.37221429
0.52684170
0.40357974
0.45400906
0.48357216
0.37011111
0.51172888
0.42958069
0.43674713
0.32421863
0.41509613
0.41108653
0.51355344
0.46897537
0.45999092
0.50204247
0.36543512
0.28311104
0.32883734
0.50459659
0.36527359
0.41811183
0.44116563
0.44490206
0.29279083
0.45633554
0.35784647
0.35910970
0.46360034
0.50660884
0.38851959
0.34577656
0.52741122
0.42411786
0.40891081
0.44710284
0.50057685
0.35672015
0.39254522
0.54407084
0.43423378
0.55946845
0.43962181
0.40986344
0.39303023
0.43821222
0.48306444
0.51587039
0.48971474
0.54508853
0.43213534
0.51927072
0.53275985
0.58789325
0.55323064
0.57546568
0.40692788
0.41718638
0.43760282
0.37149847
0.47365737
0.50695479
0.44927144
0.53704846
0.43454599
0.51985413
0.43056691
0.38003039
0.44469100
0.47042936
0.43888128
0.41779751
0.37070274
0.51113051
0.51532686
0.48229527
0.52944434
0.43566638
0.54724497
0.50549662
0.36698890
0.44356120
0.51479256
0.34951848
0.37016916
0.44645667
0.51949328
0.41651171
0.57061911
0.56032383
0.61159527
0.49886906
0.46495262
0.57971787
0.51540899
0.53462666
0.49983451
0.43159992
0.44994119
0.44128650
0.45503390
0.49450997
0.49594384
0.42813402
0.38579553
0.35248595
0.44441688
0.45084274
0.51578104
0.50094020
0.28971219
0.42501163
0.54857129
0.37070280
0.37407732
0.46407363
0.45578414
0.47666362
0.46337506
0.47521108
0.36122951
0.39324868
0.44333866
0.49457696
0.41885039
0.49805743
0.36531121
0.43007740
0.50635499
0.52400458
0.42807940
0.41329309
0.37742171
0.43934679
0.38575310
0.39489299
0.34024808
0.44132239
0.60799694
0.55434591
0.48627436
0.36023921
0.39519075
0.39987502
0.39762396
0.39926505
0.40675431
0.55042332
0.48384440
0.48963273
0.45711076
0.40723610
0.37495005
0.37072420
0.44711995
0.44810775
0.37692621
0.56542492
0.40043753
0.29063064
0.39747667
0.42122790
0.50597423
0.46927297
0.44268799
0.49482509
0.46347153
0.44100001
0.42935362
0.38147217
0.43952399
0.35588259
0.43132630
0.43081638
0.45039913
0.35956895
0.51473993
0.39278448
0.42898399
0.37223989
0.52532846
0.55329919
0.37521201
0.64893520
0.46573263
0.45548162
0.55331415
0.40307021
0.56270003
0.37642115
0.59789443
0.49631160
0.43925545
0.45548207
0.45512938
0.35440317
0.72500014
0.57038677
0.44748151
0.58851701
0.50582021
0.36391658
0.40446058
0.61552382
0.35705203
0.44301963
0.41858789
0.58119613
0.45056069
0.53074682
0.40956420
0.51618528
0.40819195
0.54999280
0.56107008
0.53107762
0.48847264
0.53322423
0.46028781
0.41784728
0.46722335
0.41768509
0.45870277
0.47594941
0.51480603
0.45014739
0.35303020
0.41057295
0.44361740
0.44437474
0.49969050
0.38126552
0.54842526
0.33086625
0.48248094
0.61430186
0.55663747
0.47946543
0.35835090
0.52962291
0.44684511
0.52971870
0.43631905
0.47100034
0.42155707
0.37873203
0.46172142
0.43222114
0.45785636
0.56119394
0.40526485
0.36880565
0.53316939
0.41264012
0.47071239
0.40845552
0.42506802
0.44396499
0.37949467
0.35928968
0.42794737
0.39310500
0.28824300
0.41283226
0.38742399
0.46939582
0.36618203
0.46889967
0.40378296
0.50971115
0.45164520
0.43339431
0.35530075
0.45242500
0.50446939
0.41656154
0.45777729
0.42081490
0.42134017
0.45090279
0.52035844
0.46582207
0.38356811
0.30029854
0.45095789
0.43912941
0.39859658
0.38553840
0.36053136
0.38133743
0.39553723
0.42506009
0.54151547
0.39849794
0.28643841
0.43035322
0.39559788
0.42862672
0.57211798
0.41029498
0.45232418
0.49143147
0.45872575
0.41575399
0.60198379
0.45336592
0.49098039
0.48624575
0.39378694
0.38576144
0.53825700
0.49670786
0.40656984
0.43201837
0.54827452
0.59195292
0.38966465
0.43070287
0.40183598
0.35020754
0.29437250
0.29728991
0.52020860
0.34455299
0.40526834
0.43184662
0.43161023
0.50485361
0.44597337
0.35704231
0.46270543
0.49922070
0.41847935
0.32542503
0.47084951
0.36380130
0.45467746
0.49705100
0.56125253
0.58075225
0.46169204
0.49241787
0.38123500
0.54337430
0.39994028
0.42408979
0.53778702
0.36906153
0.49667364
0.55327058
0.45091897
0.45623869
0.39023304
0.40483263
0.44430804
0.46608526
0.49151686
0.34853515
0.45503646
0.34567791
0.28581360
0.40085250
0.37012315
0.47429079
0.42253786
0.43803537
0.58478624
0.38137367
0.40537605
0.35878709
0.43239817
0.42737627
0.58784080
0.42063573
0.49765357
0.53181279
0.38742471
0.47948560
0.28099084
0.42967802
0.34225473
0.35051507
0.53659314
0.36293611
0.39104617
0.39516252
0.44765112
0.40495205
0.40892664
0.42246756
0.35253295
0.29524609
0.46505463
0.47801411
0.33568555
0.38533711
0.45659694
0.46882421
0.36413005
0.42265490
0.33623278
0.30814365
0.43129745
0.29795250
0.35978481
0.40015560
0.46803230
0.63867742
0.49005222
0.41678917
0.30153105
0.25445348
0.67933512
0.49503368
0.29525596
0.36194068
0.44989875
0.38559023
0.32362735
0.45980608
0.48246002
0.40846527
0.50597930
0.37612739
0.38135159
0.43892860
0.46716806
0.33277100
0.45136884
0.49889266
0.38360026
0.41566694
0.48656243
0.55456984
0.54986680
0.43695667
0.44896257
0.53385043
0.33181602
0.30992842
0.37231675
0.46971321
0.45078814
0.46457076
0.41690177
0.41372043
0.48266098
0.46058545
0.50360489
0.45847183
0.43128437
0.41477814
0.40857390
0.44792032
0.38484827
0.55632567
0.49188098
0.37586039
0.40563408
0.37287992
0.42519274
0.40570664
0.29989910
0.29382354
0.58504438
0.43914926
0.46815458
0.51846725
0.42077020
0.37506136
0.39380807
0.43727374
0.41547823
0.44985470
0.53789830
0.42292845
0.64643109
0.41229671
0.39338070
0.37644207
0.48787832
0.38730472
0.31824309
0.45780656
0.34634784
0.44142902
0.37507629
0.39887407
0.52252543
0.43942600
0.34964663
0.50638163
0.42792997
0.41670093
0.57710063
0.49559864
0.52445996
0.29993311
0.40715152
0.43652913
0.43784368
0.38335857
0.45280322
0.40981102
0.45585993
0.41570318
0.38421568
0.45611906
0.37106460
0.43840453
0.40961820
0.37778315
0.41532618
0.27056813
0.42427194
0.42732671
0.45623323
0.40428549
0.40258616
0.34889203
0.39938956
0.32047516
0.35869777
0.59536147
0.52903032
0.37431544
0.52550590
0.37753433
0.38473606
0.36854017
0.45827216
0.40150958
0.62212843
0.41805708
0.47682631
0.35800725
0.36274290
0.34811550
0.42029190
0.45354849
0.44879842
0.39075947
0.38938686
0.60471630
0.61707789
0.63646263
0.46298280
0.31684434
0.51472616
0.40353608
0.36278582
0.57885259
0.35738605
0.42782128
0.42506930
0.42271718
0.62090844
0.59471393
0.48829594
0.38535798
0.52684259
0.48677820
0.40714774
0.46728685
0.28519994
0.46700439
0.42873895
0.35685602
0.47285131
0.35185713
0.45689794
0.31584331
0.36262614
0.46072787
0.54961896
0.36284977
0.35143968
0.41940534
0.56839883
0.43851662
0.34448710
0.42429405
0.40979552
0.41777164
0.28485358
0.41198516
0.46778116
0.43092471
0.28571025
0.28396708
0.46053427
0.39581180
0.43002087
0.40434313
0.51630938
0.33625689
0.46317112
0.40849766
0.46817550
0.41478637
0.33399391
0.36005077
0.36201948
0.47863764
0.46296167
0.54714328
0.36477095
0.55065548
0.36125529
0.33549091
0.50945812
0.38314927
0.43956369
0.47854906
0.55002785
0.38576436
0.47266930
0.52501285
0.52379888
0.34927151
0.41695306
0.41114920
0.45276612
0.60758352
0.60866272
0.43193248
0.46730825
0.45015377
0.42843604
0.53132081
0.28843337
0.39848712
0.37381333
0.39530551
0.54106033
0.40166044
0.46555001
0.41596791
0.44098866
0.49128401
0.42687139
0.34878588
0.32848892
0.35985208
0.51171756
0.49119091
0.42749384
0.44742179
0.61530697
0.33115572
0.40925196
0.38054335
0.46099597
0.50929016
0.48163620
0.45875227
0.42535433
0.44237533
0.48180094
0.43360749
0.39573622
0.53997338
0.38015050
0.41929305
0.41856229
0.38541204
0.28844839
0.38128874
0.53203368
0.39092478
0.34076756
0.37227082
0.33543006
0.38225397
0.40389404
0.47865921
0.58216161
0.49368045
0.48239100
0.56931603
0.40838253
0.48841360
0.36060864
0.39482653
0.36976829
0.47326946
0.58191776
0.43544781
0.58479083
0.38796937
0.44106144
0.50817060
0.43613842
0.32487261
0.39152384
0.33575851
0.39265451
0.50524437
0.33931163
0.42559046
0.45541286
0.36855948
0.59139854
0.37374967
0.46034223
0.44343749
0.37573618
0.41468379
0.40271741
0.50845051
0.34545887
0.37935621
0.40425575
0.38080049
0.39265633
0.37012714
0.54277754
0.38231057
0.32533735
0.40392080
0.42184246
0.30842820
0.44990653
0.44556108
0.34996718
0.26997176
0.35056853
0.45289040
0.34693235
0.40845215
0.42873642
0.43200219
0.40649796
0.29807812
0.22589986
0.45707953
0.35824609
0.35737744
0.49347606
0.30129439
0.35912490
0.37250456
0.37058130
0.36253262
0.49927923
0.47101766
0.37564707
0.45935011
0.60908210
0.34726238
0.30290291
0.38535106
0.37004691
0.42282870
0.32975903
0.52058816
0.49193788
0.43383369
0.45565164
0.36960220
0.48917726
0.36146951
0.27020320
0.38598651
0.42508110
0.36081213
0.51607871
0.42752701
0.39918247
0.43030974
0.42477757
0.32542089
0.47517133
0.35740340
0.37272561
0.44457826
0.33903384
0.36552587
0.57125223
0.39493293
0.27725744
0.39385787
0.39930588
0.57891619
0.36209747
0.57743746
0.42279795
0.47006616
0.38956892
0.64937842
0.49282321
0.44035769
0.49575207
0.31029615
0.42073196
0.39885730
0.34250343
0.34531671
0.49942049
0.39712638
0.48772287
0.45981711
0.42451558
0.39229211
0.43874049
0.40986198
0.32027507
0.34798157
0.53784412
0.42212537
0.30445507
0.51232779
0.39185321
0.28909463
0.51963425
0.45048696
0.35942060
0.37907264
0.46475878
0.52834666
0.43635044
0.44402719
0.35015759
0.39485827
0.47331691
0.49436438
0.40750724
0.47627655
0.49969655
0.46544605
0.38711995
0.40272218
0.37867978
0.34288645
0.52526110
0.42579845
0.43280864
0.29722559
0.41933554
0.27121451
0.46743372
0.31058723
0.57532752
0.45622745
0.44259521
0.40814033
0.52496135
0.46471927
0.37892097
0.41539627
0.52986604
0.36896127
0.25235933
0.36265218
0.41476384
0.44537166
0.48419577
0.38432860
0.41655299
0.46869096
0.43432340
0.35604531
0.36884767
0.30124623
0.37002590
0.35465729
0.38994426
0.51216716
0.50369942
0.49583274
0.47724652
0.41442716
0.57272685
0.36117482
0.34001786
0.35551101
0.47477251
0.45477164
0.41536200
0.49085140
0.37353870
0.47964716
0.39936870
0.33139253
0.31022316
0.41430587
0.30125985
0.37607855
0.48991582
0.54840356
0.54283613
0.42807171
0.53113490
0.46920082
0.42091417
0.39830881
0.38923693
0.41908368
0.35491467
0.33693895
0.46206957
0.44465476
0.41959772
0.41897482
0.43174872
0.42106232
0.26909271
0.46592039
0.45039302
0.41267970
0.30151939
0.42735311
0.34928221
0.34825242
0.44300133
0.55047202
0.34264618
0.32740080
0.55222464
0.38703510
0.51365924
0.32398939
0.41995084
0.41222668
0.50695586
0.34937984
0.28985101
0.52623135
0.46447781
0.41558012
0.42843747
0.64885020
0.53183657
0.42970100
0.46246111
0.34990132
0.43365103
0.39816609
0.53949982
0.32592663
0.66564876
0.40965506
0.31277740
0.50683391
0.41661170
0.38956061
0.33093241
0.51316488
0.37375122
0.49185473
0.33312970
0.38935587
0.39806065
0.33943582
0.39201495
0.48260665
0.46077612
0.39073700
0.33817700
0.29333568
0.38676032
0.52637458
0.45090869
0.37661788
0.44956118
0.43004954
0.37847790
0.38767189
0.46831656
0.38955718
0.50093329
0.51346028
0.41047111
0.47222024
0.34320039
0.32281339
0.59217101
0.34451056
0.44751811
0.53065699
0.40559444
0.41596144
0.43463099
0.39186361
0.43735188
0.37240320
0.26309818
0.43878430
0.72764951
0.37515280
0.36473984
0.45778480
0.39245692
0.50879282
0.27408302
0.30813941
0.38393950
0.37377691
0.57649255
0.38216054
0.44617563
0.41190538
0.42611367
0.53667855
0.37740386
0.44379261
0.44835666
0.43855405
0.31352234
0.36480200
0.45765486
0.31384528
0.70138192
0.40014264
0.36440954
0.43341154
0.46468982
0.44901860
0.44138151
0.37650657
0.32794985
0.46073866
0.47288007
0.38587278
0.43036634
0.59131891
0.46972996
0.41608539
0.37048599
0.46386841
0.43173265
0.41389671
0.40091151
0.41903716
0.39598504
0.58271641
0.38304186
0.32586783
0.41126883
0.43281424
0.47346437
0.39744726
0.41451484
0.32132250
0.52808517
0.32863998
0.43839124
0.44769418
0.23496169
0.42979151
0.31965452
0.41867930
0.25202125
0.36947489
0.36396891
0.39192852
0.44988573
0.35610464
0.39745349
0.33253789
0.29457593
0.35542017
0.41347361
0.28161305
0.28076988
0.61611032
0.51052177
0.51148558
0.26186571
0.39606136
0.28093964
0.39510986
0.49160343
0.50491488
0.33601677
0.33706880
0.35348374
0.28612459
0.46348801
0.43638664
0.37325528
0.31907907
0.33672297
0.51455319
0.47329143
0.45104879
0.37605649
0.32954371
0.32067925
0.35293159
0.38377836
0.32414478
0.32845327
0.36284918
0.43314523
0.40648639
0.31692249
0.29917943
0.26072681
0.41133884
0.47330797
0.18562308
0.37477931
0.43740237
0.41934815
0.41040951
0.40206724
0.31495902
0.42422715
0.32305574
0.44593054
0.39138854
0.42304617
0.29229477
0.40918338
0.54093552
0.32522428
0.44883817
0.51364803
0.51302135
0.44138408
0.59954202
0.43799186
0.38407448
0.39674017
0.43721896
0.43154496
0.44529492
0.42251149
0.41928303
0.34494078
0.34094834
0.46189421
0.32150149
0.47124842
0.43913183
0.37207702
0.35551944
0.31671798
0.35838452
0.40989488
0.39003921
0.39317176
0.34792328
0.36574700
0.43985391
0.47868329
0.33762729
0.37271011
0.32160515
0.28754327
0.45874700
0.40044698
0.77843034
0.35897660
0.31369448
0.51747978
0.43213320
0.35123432
0.32339829
0.49981013
0.33278549
0.45543376
0.31577098
0.30417258
0.27091926
0.46180341
0.42352867
0.25684565
0.35254088
0.42140484
0.58107436
0.29744524
0.30988306
0.31560731
0.43248269
0.46574152
0.38067359
0.39446595
0.47966564
0.36066967
0.46107072
0.45458198
0.48178431
0.46369532
0.26303685
0.28231168
0.37286019
0.36499453
0.42245471
0.43182653
0.43739173
0.38506263
0.52344537
0.44912013
0.45722952
0.43615079
0.45520896
0.50508523
0.30226099
0.40043843
0.44351327
0.45197198
0.37258568
0.39776748
0.42724985
0.36202151
0.46660244
0.36250585
0.34815472
0.45947230
0.34204221
0.30220681
0.35084045
0.33242238
0.23572280
0.43720034
0.61268550
0.44276372
0.37546045
0.32498160
0.36555761
0.34380740
0.39659593
0.37134990
0.32206592
0.35524237
0.35844672
0.43294638
0.30895737
0.49773607
0.30792099
0.30123213
0.43092269
0.45311368
0.43976098
0.36150989
0.57266259
0.47108153
0.38484359
0.45698777
0.45162463
0.34266922
0.37680030
0.30036569
0.40126058
0.24517500
0.30708185
0.42541271
0.45559794
0.46364683
0.38141561
0.33739862
0.37212610
0.40914091
0.33065408
0.46258107
0.35933125
0.38139322
0.35044834
0.44362378
0.30937120
0.32833713
0.42598248
0.40874875
0.29269505
0.48270267
0.50656873
0.32403207
0.44859639
0.63868213
0.33216271
0.42941540
0.37954640
0.46972203
0.38895756
0.30989462
0.43680429
0.32085758
0.38029513
0.36659914
0.39578274
0.52282852
0.38853776
0.42777240
0.37300923
0.25728548
0.35539073
0.30371538
0.39300221
0.33137035
0.41649675
0.24081452
0.25113407
0.35989100
0.40115070
0.43314266
0.37236691
0.52485442
0.41000766
0.43887630
0.35202223
0.42683360
0.48198491
0.36038178
0.39421931
0.40131941
0.41162229
0.37011617
0.54781151
0.34190094
0.53962839
0.28762826
0.40462315
0.37279183
0.48988384
0.43561512
0.41780585
0.47361016
0.30998465
0.42483377
0.31219387
0.36786073
0.30056828
0.48666990
0.49434358
0.32496503
0.35459676
0.46682274
0.40107974
0.40956911
0.42116529
0.30493695
0.35600394
0.44534302
0.45321995
0.30029577
0.36229393
0.22990397
0.31653994
0.43820024
0.42386484
0.33847904
0.53143620
0.47519094
0.38653806
0.41089511
0.34789005
0.34935397
0.46110258
0.33241516
0.41278148
0.31335649
0.49260727
0.34755808
0.36179903
0.36067727
0.46822676
0.22078684
0.44797352
0.35087281
0.36890000
0.46014020
0.37934667
0.34465766
0.46589333
0.51710582
0.41324985
0.41202801
0.54442382
0.29948467
0.32397053
0.26802295
0.29654866
0.26692110
0.55572379
0.42844334
0.36198795
0.47458968
0.45472735
0.42330009
0.26550508
0.38739479
0.32460275
0.42998633
0.34891856
0.48130575
0.39953613
0.35651881
0.30410033
0.39178687
0.37020993
0.46118677
0.45681602
0.27773905
0.53012252
0.46460912
0.27950516
0.37706792
0.44751304
0.35509694
0.39751756
0.43651372
0.27112079
0.35843819
0.38618907
0.36587831
0.49114960
0.30891851
0.47854030
0.37781200
0.36657816
0.42949960
0.41016948
0.34973136
0.30048573
0.21784277
0.44041237
0.40943122
0.38757309
0.36074358
0.33206975
0.30497730
0.32304543
0.40301114
0.32194573
0.33381149
0.31327182
0.31793216
0.45579660
0.30325913
0.36435565
0.33533326
0.28790760
0.35323763
0.40019527
0.27471688
0.38331848
0.38879541
0.34630260
0.36648312
0.46625736
0.45121515
0.35773295
0.32797894
0.34280384
0.33483684
0.36243069
0.32486513
0.22615762
0.34978485
0.30905396
0.34156564
0.37678069
0.31379557
0.44396576
0.41797251
0.32575232
0.31774414
0.27590233
0.38343149
0.38123038
0.39619252
0.30267361
0.34418052
0.40075082
0.37778169
0.24433702
0.29737252
0.26403141
0.35259321
0.37703377
0.30811602
0.41239473
0.34832042
0.33277789
0.26783523
0.40894359
0.34371606
0.31326145
0.34526157
0.42712477
0.52334845
0.33679223
0.29297101
0.34771961
0.39876089
0.35112068
0.40412828
0.42394692
0.42474610
0.43662861
0.41830736
0.42668939
0.29641521
0.59706426
0.34805119
0.23329332
0.34533578
0.39809349
0.34677729
0.34006345
0.36457545
0.36479563
0.39288864
0.30666399
0.33053344
0.39022642
0.42554292
0.33778155
0.38354933
0.36282554
0.29194686
0.32378495
0.53725469
0.42537212
0.31680846
0.39139193
0.36411518
0.31597069
0.42719883
0.22075734
0.44017521
0.42465353
0.40785480
0.37280577
0.40278548
0.32574564
0.43047428
0.29342726
0.30417255
0.33464015
0.30085650
0.34248447
0.44277918
0.32268393
0.34525183
0.31220803
0.33070356
0.35320604
0.38519239
0.32992831
0.46888006
0.44167989
0.33668354
0.35565174
0.43392757
0.49058795
0.25147888
0.30356181
0.48496541
0.37183332
0.38790110
0.40968853
0.35786080
0.36233729
0.44126827
0.33483547
0.39705366
0.44535911
0.39708370
0.33667594
0.33038840
0.39203632
0.45552859
0.26796991
0.27128640
0.35881829
0.31273729
0.32776839
0.35218948
0.34858745
0.39747685
0.28636611
0.26019499
0.35913530
0.31031764
0.37018955
0.35042748
0.29741800
0.38650930
0.46791980
0.39631015
0.42792401
0.43999761
0.38419431
0.37146297
0.42330080
0.41755319
0.31020898
0.35247377
0.31206533
0.29541302
0.26271036
0.31951511
0.38929403
0.46071747
0.29324174
0.39299631
0.43746895
0.44258314
0.35547987
0.33127889
0.25400728
0.52733964
0.33148402
0.42434162
0.53484768
0.35567313
0.42869988
0.40202051
0.33405864
0.33840767
0.56686407
0.27718383
0.42206189
0.44102740
0.36616826
0.31385303
0.49206498
0.34261352
0.29643768
0.37644082
0.37218633
0.42385375
0.27014709
0.38442850
0.31017131
0.34114638
0.42470497
0.31501126
0.37620875
0.31748807
0.27684093
0.34872580
0.46925890
0.29497260
0.46923292
0.34228647
0.40240332
0.32289258
0.25507313
0.43389320
0.33553535
0.48708689
0.42206091
0.23982333
0.46739590
0.37788659
0.44173020
0.36735326
0.37496907
0.42413160
0.36189073
0.47588652
0.32344717
0.46925792
0.47743958
0.38055149
0.25030208
0.35248607
0.31839985
0.33909440
0.47080350
0.23771210
0.33130515
0.39503261
0.25399089
0.25071633
0.52190059
0.45648098
0.32299364
0.27247858
0.34748006
0.36430117
0.44838682
0.25019926
0.41008466
0.26969939
0.55927491
0.33310038
0.49951154
0.25212345
0.46290064
0.46038628
0.28739750
0.36774540
0.41954777
0.42075288
0.37027782
0.44174784
0.36864507
0.27988672
0.47594747
0.35568517
0.45365360
0.36067790
0.51898563
0.42069197
0.54026651
0.31023997
0.19274816
0.39539266
0.32673791
0.41894823
0.41467881
0.40082845
0.45833254
0.40266424
0.46673101
0.40468618
0.52313447
0.39439213
0.28513449
0.40018177
0.46549308
0.33847865
0.37569225
0.39599192
0.41866320
0.34757033
0.41175240
0.32052654
0.43715191
0.43495083
0.41088229
0.35076988
0.41434401
0.37251407
0.38180041
0.33506256
0.50484210
0.31037694
0.39416552
0.37704059
0.40456221
0.33775097
0.46811229
0.45584276
0.34489179
0.36994284
0.44849503
0.41228735
0.42299604
0.28869122
0.40525973
0.39136070
0.38308698
0.23094487
0.26858532
0.27108362
0.28111419
0.34334517
0.48221546
0.46684355
0.33929634
0.41723201
0.31979117
0.43105245
0.39634839
0.32810432
0.36985806
0.33433503
0.41186917
0.44194382
0.32538158
0.34857094
0.28794584
0.27332321
0.31771451
0.25866508
0.35681546
0.21871647
0.26397777
0.20054518
0.32514882
0.34625506
0.36634520
0.34014362
0.25407088
0.24930912
0.27982000
0.31457204
0.48304474
0.38388398
0.38924021
0.32376099
0.41109371
0.42858651
0.20940751
0.33261883
0.20354973
0.36110300
0.44701728
0.32797411
0.36558175
0.35122541
0.26384521
0.42752180
0.35456225
0.26710278
0.36873674
0.22445369
0.44159251
0.47559071
0.32584563
0.30988726
0.35138810
0.25638235
0.29467759
0.34936643
0.29936451
0.40625489
0.41419932
0.29362839
0.29682964
0.47740969
0.47450191
0.38927501
0.33165735
0.25554174
0.43045160
0.26606518
0.32711494
0.38871109
0.54967868
0.42569622
0.33982521
0.35215557
0.41826665
0.34239003
0.23216707
0.38922852
0.29754162
0.32903457
0.40471527
0.29497308
0.30195463
0.26207572
0.34485239
0.36720824
0.35403246
0.32054642
0.32240650
0.43365300
0.39134428
0.38535041
0.28331590
0.25684741
0.50038272
0.47957683
0.41547966
0.39095160
0.37277555
0.44589531
0.33619446
0.45377839
0.46395960
0.43050623
0.19565722
0.42932633
0.44416994
0.30511466
0.38548267
0.30090660
0.37448308
0.31411040
0.35237816
0.46545160
0.28615060
0.37990257
0.36886582
0.54589379
0.32930917
0.39112893
0.35612255
0.30943474
0.33151495
0.35072097
0.26060027
0.36327147
0.30623418
0.20738217
0.24943089
0.41259232
0.37792897
0.26974189
0.24902630
0.28403032
0.34872711
0.29425395
0.29712212
0.28855452
0.34659284
0.39750460
0.22796696
0.36925972
0.32560167
0.38441479
0.32366616
0.28370976
0.27112991
0.34788841
0.47902972
0.36886376
0.38264191
0.35851198
0.26274589
0.34995234
0.29274136
0.30232877
0.38745314
0.19750163
0.22144520
0.27852917
0.47515512
0.34735078
0.43123722
0.31720763
0.35483396
0.31361827
0.39254665
0.35779232
0.39709744
0.38231993
0.45458573
0.34313041
0.35929027
0.37498337
0.28038293
0.35433131
0.39549172
0.31826562
0.31871068
0.32179633
0.31849521
0.46501204
0.38279179
0.38160300
0.39769813
0.44576663
0.30822006
0.37437877
0.32556927
0.31901824
0.36654222
0.35483450
0.36908191
0.23669937
0.51069367
0.35537618
0.29144835
0.34885514
0.34769011
0.34778085
0.35909694
0.31964701
0.40036231
0.33443224
0.25973544
0.23743913
0.43233365
0.37220949
0.33512682
0.41024548
0.44015437
0.39342165
0.33964524
0.30634895
0.37756884
0.35570976
0.32859230
0.44317013
0.35770163
0.37155211
0.34754452
0.29350841
0.34674919
0.43791065
0.38771296
0.55977511
0.29653293
0.37657160
0.39537132
0.42656508
0.27321905
0.31354725
0.36556381
0.31467390
0.27785313
0.42567104
0.45486838
0.34063262
0.46264884
0.34143302
0.21223132
0.26278365
0.41237241
0.32554656
0.35242993
0.29235655
0.39460894
0.34837088
0.29097420
0.33350420
0.39439303
0.31745780
0.30093682
0.34601840
0.36357641
0.44982135
0.44426590
0.37772831
0.27551425
0.29282439
0.32708171
0.26591355
0.32532045
0.49141136
0.30112022
0.36876634
0.40064222
0.33226460
0.42975247
0.41389382
0.36174470
0.33299750
0.46025226
0.33503592
0.29246211
0.22453491
0.38330144
0.44302109
0.35529876
0.32625425
0.32979995
0.39989203
0.41840050
0.29728007
0.46972460
0.32794702
0.49884725
0.24334034
0.23430181
0.33834702
0.23808447
0.31433821
0.38229758
0.44827855
0.58845675
0.38415211
0.41081840
0.44135728
0.29780364
0.42219791
0.34056693
0.47555333
0.34108767
0.38490605
0.29294574
0.29474041
0.32208255
0.46001109
0.48286846
0.33485365
0.36445987
0.40556934
0.41837478
0.34516138
0.34605163
0.41602093
0.40200025
0.32118589
0.53674066
0.34047353
0.24554434
0.27727234
0.30290952
0.43615574
0.37531990
0.40077603
0.36367935
0.34194326
0.40806493
0.32528037
0.38898867
0.30374020
0.31936723
0.41981053
0.31792605
0.38932434
0.33581275
0.43882987
0.34767488
0.39698249
0.58270776
0.33997539
0.25384629
0.43339109
0.26661029
0.30904764
0.36425993
0.35346723
0.29001117
0.26457053
0.40020692
0.25496501
0.35874024
0.22092950
0.31136030
0.28535426
0.39564627
0.38624284
0.37511003
0.35672423
0.29460731
0.23594248
0.33115444
0.28134179
0.29966563
0.33585986
0.31390387
0.24723256
0.50325078
0.33264950
0.25364247
0.27282727
0.28284270
0.38428462
0.31528652
0.40449089
0.29661974
0.23505756
0.39984232
0.48782542
0.26569027
0.26510200
0.35487330
0.38969827
0.37128463
0.27449006
0.36146969
0.30458170
0.31022561
0.35030019
0.43949181
0.42775422
0.37270236
0.20892951
0.32158327
0.26530030
0.33370525
0.34243461
0.29844964
0.29671097
0.25528407
0.42970347
0.30276000
0.24246480
0.30276358
0.36452019
0.53980446
0.39887944
0.34547955
0.32187101
0.27286142
0.33376911
0.23411259
0.27388084
0.44804382
0.27650040
0.35377908
0.22900468
0.37860429
0.20370187
0.40926647
0.34718132
0.35551199
0.32744277
0.33758354
0.24902984
0.33754188
0.26571983
0.42402780
0.33681661
0.23723328
0.42929065
0.37384146
0.26409656
0.27642766
0.32048690
0.30352366
0.25378525
0.31679609
0.33851326
0.34330624
0.49094933
0.24625430
0.34244335
0.29467031
0.32048512
0.25795096
0.34010527
0.38366967
0.43505269
0.33757785
0.35084683
0.23418437
0.29998130
0.32043368
0.24227753
0.29160121
0.34713084
0.27505988
0.37280360
0.28493422
0.28570902
0.34204480
0.41566068
0.20033652
0.29801336
0.24438062
0.40561604
0.32249716
0.24588032
0.47202426
0.27569807
0.36044213
0.38887209
0.24288078
0.22114646
0.37436527
0.31810710
0.37718043
0.43629640
0.30623662
0.47235996
0.37732998
0.31840843
0.24721035
0.25273845
0.27603459
0.41087741
0.26442772
0.29533753
0.38772964
0.25837600
0.34907511
0.35968143
0.25342894
0.44813019
0.29071903
0.34545523
0.35697022
0.38731414
0.39738882
0.27307695
0.49771076
0.46142134
0.37150973
0.38989717
0.31023583
0.30100828
0.43367669
0.29360214
0.30836508
0.30486131
0.35918868
0.28999358
0.26892275
0.37150118
0.29770467
0.29949522
0.42336345
0.37905139
0.28184214
0.35571462
0.43680078
0.25047395
0.38222110
0.48627943
0.40480739
0.28493565
0.31368515
0.36669528
0.34421635
0.42554671
0.32063004
0.33264428
0.43104643
0.41882128
0.32753232
0.30943826
0.46894461
0.60406995
0.40486795
0.33758658
0.32579294
0.44540113
0.38973492
0.36271670
0.30909032
0.42450362
0.48118582
0.38630563
0.40621969
0.39644510
0.34683600
0.35567275
0.41421044
0.27629980
0.27601433
0.26932824
0.34186956
0.23891643
0.37171745
0.41901541
0.39055276
0.36528093
0.40741986
0.44156778
0.37853244
0.41153234
0.32998627
0.31536674
0.28711554
0.37923717
0.33612797
0.32806778
0.39173067
0.43113428
0.42872822
0.24162945
0.38261610
0.37033892
0.40597612
0.34956411
0.32963142
0.25625822
0.34010673
0.36970535
0.30573851
0.30546951
0.31539014
0.27632824
0.27789706
0.47806635
0.29562145
0.48398572
0.29794332
0.49428046
0.42469007
0.41854239
0.27760774
0.34281355
0.40225822
0.24309254
0.30671784
0.30540037
0.32813513
0.34660858
0.34206933
0.41565460
0.30138755
0.31694245
0.42991740
0.37087512
0.30496532
0.32661188
0.36026889
0.34976220
0.39356577
0.32791895
0.33822477
0.37309942
0.45372605
0.30623811
0.22351336
0.31036198
0.25926632
0.32901102
0.48646602
0.34315068
0.20601848
0.34406957
0.29004914
0.28634185
0.31305051
0.40910882
0.29600829
0.39138496
0.34283414
0.31502923
0.39575163
0.26564816
0.32141778
0.33069587
0.25472426
0.27423978
0.30200142
0.28400835
0.34782785
0.43474346
0.33165273
0.30381039
0.31484368
0.39147732
0.45192349
0.33168703
0.26717055
0.31525132
0.28765416
0.38886178
0.33948970
0.32710817
0.32142979
0.26940107
0.30248219
0.32775784
0.31798163
0.30487990
0.33069363
0.36600322
0.26280904
0.36277467
0.36280155
0.27264738
0.29285055
0.33111119
0.38090315
0.44213146
0.41969210
0.28652814
0.33485442
0.23984736
0.36638141
0.34924138
0.33000711
0.26754463
0.30289525
0.23272787
0.43832621
0.40391850
0.39617968
0.32396036
0.32320848
0.31406468
0.24260002
0.35288939
0.33852127
0.52424610
0.31543383
0.38579524
0.39479938
0.29550475
0.26884812
0.25569642
0.24134950
0.26916414
0.38982296
0.35143891
0.34135479
0.37937427
0.30996358
0.38929665
0.18218991
0.14498127
0.26576066
0.27777135
0.32372275
0.37474799
0.49412975
0.30752221
0.35742790
0.28599152
0.34282964
0.30420363
0.20641571
0.33248639
0.26063851
0.32272112
0.29486018
0.27385926
0.38902184
0.34799284
0.25491399
0.31982237
0.29620099
0.36625943
0.44521052
0.39384216
0.22614831
0.30830422
0.24733725
0.29390511
0.35339957
0.30438903
0.21856439
0.39485896
0.33212477
0.35984856
0.22309326
0.29232672
0.35278943
0.20727377
0.29821810
0.26318455
0.34776089
0.30971161
0.32627100
0.25611594
0.32924414
0.42024991
0.30645031
0.37817124
0.28424066
0.35919666
0.15266782
0.38166386
0.31745520
0.17416185
0.32891405
0.35289767
0.38880008
0.27362642
0.30267715
0.32895440
0.27893201
0.40235591
0.50204122
0.31283975
0.21768552
0.33448583
0.18629792
0.40493453
0.29924756
0.25681049
0.27810305
0.32159811
0.27301878
0.41809246
0.36487070
0.28420690
0.19344205
0.26690513
0.38445520
0.41672590
0.35851818
0.26232016
0.54991370
0.35032159
0.25182053
0.25124025
0.33860081
0.38260284
0.30423579
0.30623552
0.37822849
0.34277365
0.30165637
0.25433716
0.35383293
0.20786569
0.43180007
0.28650156
0.35646904
0.17422463
0.43929651
0.18472832
0.27973562
0.26946187
0.40745404
0.33844668
0.44936723
0.27469891
0.29188418
0.25252098
0.38238096
0.33093920
0.32977512
0.33234698
0.20857775
0.36336365
0.43524462
0.37132519
0.26895386
0.28664422
0.20920317
0.32646716
0.25329480
0.26372254
0.32692778
0.34288171
0.36699361
0.32597831
0.38589886
0.31064588
0.40993068
0.27868640
0.35120106
0.35641339
0.41793996
0.25047934
0.26956090
0.31621647
0.34084493
0.37804937
0.32648459
0.40406916
0.31295913
0.38004321
0.45785582
0.38928241
0.33247200
0.36816615
0.21487433
0.35097247
0.33930904
0.23642442
0.34625381
0.35138023
0.39135721
0.33317238
0.25949341
0.34298894
0.29860419
0.39153558
0.26429433
0.33549434
0.31966186
0.30891788
0.32344002
0.37578350
0.25338262
0.44046444
0.57588190
0.21309829
0.23870948
0.33452702
0.31082183
0.27715024
0.27333984
0.43193626
0.40060753
0.29595724
0.28030783
0.29706383
0.35300535
0.26890081
0.30818197
0.29418007
0.32973844
0.36693761
0.38442713
0.39460993
0.29624689
0.30069619
0.29254574
0.25761443
0.31315267
0.36726969
0.36365682
0.31786507
0.39104444
0.42795622
0.30132639
0.26369363
0.48529845
0.24020776
0.35350788
0.34959182
0.34022236
0.42842963
0.31580773
0.27172029
0.35756385
0.30050868
0.27251846
0.32959124
0.33568782
0.47271770
0.21651340
0.44029999
0.30737382
0.42956048
0.26992881
0.30499896
0.29970753
0.35055080
0.46886575
0.44200945
0.35312009
0.45943516
0.39085153
0.36765468
0.25316140
0.31039494
0.41619635
0.30892628
0.29655218
0.27130222
0.47428000
0.35921431
0.34352255
0.33613569
0.32929745
0.35529226
0.21348441
0.53527033
0.35445607
0.39417404
0.45405012
0.19713774
0.25459290
0.44798511
0.33200186
0.51754463
0.25304645
0.41781610
0.29429549
0.35192794
0.32063115
0.28814548
0.32235405
0.31907427
0.33771920
0.28489470
0.23825867
0.38230816
0.31864142
0.34572101
0.32146508
0.32609537
0.28787610
0.40320313
0.27019888
0.31795409
0.26264518
0.25009820
0.36905059
0.21027806
0.39292061
0.25367460
0.26534098
0.39041448
0.20864576
0.27683255
0.39156872
0.33707562
0.45773408
0.28388238
0.30576980
0.41711485
0.43149686
0.25127235
0.25209016
0.27971351
0.30346632
0.36055559
0.28426084
0.32423896
0.22564481
0.36598140
0.43309760
0.29861441
0.33074391
0.25900328
0.39187467
0.35698336
0.38537133
0.34731430
0.33060905
0.34186625
0.36509010
0.36258018
0.25144354
0.32758701
0.32435700
0.24450095
0.50600624
0.43314523
0.28105319
0.32838434
0.34826452
0.25677785
0.28069818
0.26908320
0.34475943
0.28270188
0.42215604
0.39783925
0.29736257
0.32647058
0.31090620
0.27205640
0.46321881
0.24985589
0.43293214
0.35993761
0.21525478
0.37435988
0.25574583
0.40666562
0.22001842
0.39475417
0.23392354
