2.46948242
2.57493448
2.65861583
2.41817904
2.16394997
2.00494599
2.01024628
1.89996696
2.00689745
2.09326720
1.98475170
2.07868481
1.83929420
2.10051537
1.86536407
1.95887280
1.81601667
1.82014561
1.90834391
1.82940185
1.86946964
1.77553558
1.94228220
1.83171797
1.80624676
1.71920919
1.82025075
1.71909630
1.92334819
1.73280001
1.80174065
1.90876889
1.65906572
1.77547812
1.75040185
1.54258013
1.67746484
1.74299014
1.69210052
1.68811679
1.85274255
1.63981950
1.80063844
1.69737315
1.59731650
1.53242588
1.67999303
1.74501216
1.55358911
1.61626065
1.46977985
1.63209867
1.70400643
1.65317416
1.42733622
1.50390577
1.62222409
1.61208272
1.66597581
1.87829840
1.63728690
1.71698833
1.55053592
1.51131129
1.51858556
1.62886786
1.40079951
1.72984123
1.63524961
1.57656503
1.55786216
1.79219699
1.39701605
1.37495446
1.61459494
1.61714816
1.46524978
1.63044858
1.61523247
1.55594301
1.60654068
1.51789618
1.77333188
1.54305148
1.58957577
1.50364375
1.58970213
1.53850627
1.45874619
1.35643065
1.41359091
1.56758595
1.79254127
1.58582306
1.60240066
1.35827470
1.64650655
1.49223757
1.59448624
1.62240827
1.50437820
1.49252260
1.53913307
1.55203056
1.56804776
1.43005419
1.41336143
1.49572206
1.66057587
1.37720490
1.44643629
1.47543299
1.64484715
1.44238758
1.44526124
1.53268290
1.68470931
1.37359095
1.49085927
1.62064362
1.47673035
1.39652205
1.34600520
1.38971710
1.57425737
1.37553787
1.53611541
1.50982952
1.49875188
1.50265646
1.53371084
1.41218102
1.46455097
1.41737676
1.41518211
1.44218326
1.38247466
1.54403281
1.48486423
1.54049695
1.53193951
1.57555556
1.37539840
1.56285727
1.41679478
1.38324499
1.49654210
1.40081465
1.57239127
1.40626502
1.41729188
1.32721972
1.44902468
1.46666360
1.39905429
1.35992801
1.33989286
1.47413850
1.39228153
1.32095695
1.32929397
1.42260861
1.46629965
1.44101214
1.38812423
1.04821575
1.26955914
1.45980704
1.38649511
1.34019661
1.17032838
1.42477417
1.55300152
1.22531223
1.28446794
1.26869869
1.27781284
1.43027043
1.43602908
1.45014489
1.27283788
1.19331741
1.45161510
1.40155482
1.35028946
1.18124175
1.15413713
1.27855611
1.30598974
1.32404089
1.37326121
1.18642342
1.37383652
1.36066234
1.33232832
1.44096661
1.51988173
1.29529083
1.44992542
1.38513958
1.32449794
1.33967626
1.25619352
1.16322565
1.26740289
1.38261986
1.18569636
1.26938677
1.57529640
1.16505003
1.41332138
1.23747230
1.29917181
1.12520730
0.98264647
1.16804683
1.17288160
1.33789253
1.41509712
1.37245429
1.21183991
1.10894966
1.13017797
1.28652859
1.17533183
1.27764535
1.10214162
1.16870987
1.22409487
1.57729554
1.23789322
1.25531602
1.40575337
1.47245646
1.33731055
1.35709786
1.08076608
1.21699214
1.24755144
1.45999300
1.32101130
1.17252231
1.19651699
1.28839803
1.23385596
1.24877346
1.33334196
1.33718300
1.35418773
1.11328602
1.24271441
1.24987745
1.40030074
1.41100645
1.20223284
1.09987140
1.22591209
1.18111420
1.24314499
1.35937607
1.19254947
1.23260629
1.21303928
1.34016585
1.17025328
1.24802351
1.23590732
1.20114911
1.16114044
1.10194135
1.20359778
1.23191917
1.30961609
1.09170282
1.17909431
1.19714034
1.26790905
1.25190091
1.37563467
1.35018480
1.02602315
1.07401633
1.21775913
1.20178437
1.13970637
1.22351480
1.18596697
1.09987855
1.20936608
1.07023549
1.14476287
1.32231987
1.28358138
1.23553348
1.11191940
1.28537464
1.10854149
1.07081223
1.12689233
1.11705315
1.22337472
1.02838922
1.26542640
1.12473655
1.12020445
0.88479656
1.23537707
1.01069689
1.29069340
1.07678652
0.93865472
1.16250980
1.22289467
1.32865202
1.00113559
1.13703966
1.13731384
1.12213659
0.95698839
1.29909313
1.29519439
1.14348853
1.38812506
1.25421906
0.94690865
1.16144788
1.16878748
1.15124500
1.02865505
1.19591141
1.18202865
1.14087391
1.19759536
1.25295424
1.12384129
1.21360731
1.20576000
1.00669348
1.32863665
1.12143683
1.13076615
1.14372802
1.11607361
1.38794112
1.04889929
1.10851812
1.21478391
1.21125317
1.04112601
1.20757353
1.11720061
0.97199929
1.07832181
1.22236264
1.18781066
1.16287494
1.12269092
1.14329576
1.17721641
1.13109064
1.16101718
1.23218393
1.23279691
1.17264867
1.03221917
1.09537327
1.04780412
1.14530683
1.11396134
1.06095397
1.16260910
1.14222193
0.91361451
1.00964200
1.05169964
1.00201249
1.23934698
1.02110386
0.91986501
0.81180692
0.87936622
1.06849861
0.93794823
1.07237220
0.93993950
1.19808829
1.23725891
1.15920949
1.18721473
1.16124034
1.07990944
1.15558910
1.01457012
1.09143507
1.06099200
0.84879696
1.09062016
1.09467065
1.05456138
1.07948720
1.06693745
0.93599772
1.03766966
1.31856775
1.03632045
0.98453152
1.02696586
1.19521093
1.04574895
1.01608586
1.16911709
0.88101357
1.01281142
1.07405376
1.14021277
0.89893365
0.90068269
1.09725523
1.13113248
1.00664985
1.00808680
1.13421679
0.95066988
0.91207987
0.96632558
1.15518165
0.83758992
0.88392502
1.21370435
1.23402429
1.11385810
1.09396863
1.02765274
0.90497255
1.05813241
1.18192816
0.97576904
1.08689308
1.04503846
1.03509212
1.19201422
1.08956349
1.04585338
1.03956974
0.93419003
1.16196251
1.10196233
1.25208759
1.25807750
0.99175143
1.00212741
0.93661690
0.92947322
0.86501396
0.87993503
0.96844918
0.94453442
0.92899537
1.16752946
0.93174887
0.83334595
1.21941626
1.17145252
0.99598747
0.92150491
0.93210006
1.03386045
0.99071145
0.84790635
0.99237490
0.90803337
1.09987009
1.06615341
0.96984982
1.06192386
1.09114385
0.92264450
0.83650273
0.99944800
1.00113225
0.90775990
1.09871840
0.83845580
0.99996841
0.87739480
1.02523065
0.89687777
0.87452775
1.06634581
0.89065474
0.93984312
1.08691263
1.02548540
0.97699463
1.01090491
1.13503313
0.98796409
0.87054878
0.85972351
0.92955375
0.98905855
0.92647815
0.98342276
0.88799179
0.93640405
0.95129645
0.98004127
1.04784191
1.02559566
1.04585755
0.98647529
1.02198577
1.03981316
0.95873284
0.94813788
1.09498298
0.96614802
1.08483529
0.94870603
0.86576188
1.08878803
0.96373379
0.99503970
0.88475275
1.08045030
0.91068071
0.95408291
0.88842976
1.07239676
0.80557746
0.97647434
1.10797930
1.12663317
0.96606785
1.07902968
0.91393435
0.80655479
0.83160317
0.94273800
0.87924963
0.90936655
0.85310864
0.82044673
1.02547503
0.88002861
0.78479993
0.95078915
0.91619164
0.79664397
0.91777718
0.99243420
0.80836046
1.08318067
1.05657578
0.98342240
1.00850809
1.08224678
1.12585473
1.07017088
0.70421493
1.02361441
0.69383514
0.99061871
0.79026693
0.92327380
0.94571543
1.02552438
0.84372211
0.97004175
0.88660204
0.91638839
0.93889630
1.09597921
0.90312397
0.99763906
0.91958690
1.05044627
1.00667644
0.99539804
0.95526212
0.91118443
0.76484990
1.12018085
1.01821828
0.92727786
0.90703595
0.90681881
1.04435968
0.88157445
0.87635195
0.92726737
0.97121632
0.82387698
1.01157999
0.95851517
0.86969197
1.18089366
0.90389788
0.76243705
0.79253304
0.87531340
1.05508780
0.99117935
0.98371756
0.92008662
0.77502090
0.82836604
0.74456251
0.76103777
1.19414246
0.75793219
0.82096708
0.88053942
0.99868947
0.86020070
0.87571031
0.99110353
0.93181300
0.87667525
1.10954595
0.80661768
0.86664212
0.96934021
0.91615307
0.99548936
1.04819989
0.83716124
0.79177999
1.09907866
0.81851971
0.94073212
0.87953484
0.95441467
0.86339688
0.86003363
0.86539596
1.05064368
0.89661151
1.09712195
0.78071320
0.84096181
1.06896973
1.15654814
0.80201656
0.79440522
0.92877913
0.88246310
0.93070638
0.81671298
0.74956328
0.87381554
0.78878754
0.95986682
0.78577048
0.94058549
1.21319175
0.86330622
0.84708178
0.68382114
0.81140786
0.84894449
0.87128335
0.99930590
0.90306854
0.80306840
0.79966104
0.84040582
0.82548708
1.00513077
0.74443400
0.75124931
0.77475232
0.76049697
0.86515749
0.72563815
1.08320570
0.83689791
0.93279034
0.85667443
0.98036098
0.76161307
0.83364421
1.01344216
0.72488427
0.82086849
0.82428640
0.74037015
0.76511347
0.74616450
0.90169573
0.79704285
0.85138351
0.95652884
0.85941833
0.75558549
0.86277723
0.83644712
0.96294081
0.64217293
0.90418792
0.90131414
0.83926696
0.94429839
1.13305104
0.89769679
0.84469450
0.81666052
0.92335665
0.84303808
1.02694297
0.85664177
0.89565694
0.78984165
0.81682342
0.97371209
0.85665596
0.78478169
0.93148541
0.70366836
0.81451178
0.94323903
0.83842373
0.91289914
0.92102927
1.03396857
0.85764271
0.88512605
0.65869474
0.92453432
0.86884016
0.93762338
0.81541944
0.89994127
0.77657974
0.77526796
0.73990464
1.01575494
0.99293250
0.92852008
0.87920278
0.90425771
1.01339865
0.75468856
0.80216712
0.95036972
0.92594200
0.68353611
0.77640402
0.88642466
0.75860870
0.85865855
0.80481738
0.72362143
0.85364676
0.89611447
0.82489061
0.79576838
0.75299466
0.94473040
0.79548073
0.85441917
0.83951366
0.64893484
0.74158251
0.71821177
0.74390543
0.68190837
0.75229740
0.64498150
0.93813288
0.68626219
0.74916279
0.81964815
0.78143704
0.79343086
0.98915243
0.75091404
0.63922316
0.72532004
0.68361008
0.88257325
0.93405771
0.78667808
0.77584451
0.73804760
0.86475235
0.57637298
0.83270597
0.92870665
0.67728198
0.83047658
0.83301508
0.90520453
0.86302024
0.82114881
0.72134197
0.82878387
0.85039735
0.81598926
0.84991992
0.84208500
0.80212593
0.78063405
0.86316657
0.86137217
0.69672805
0.63785440
1.05096722
0.82263708
1.05912352
0.74911588
0.77085972
0.93350863
0.86314172
0.85017419
0.70575923
0.62835205
1.04569697
0.76077938
0.72364128
0.93048525
0.80555850
0.92562950
0.92671502
0.75601047
0.78608668
0.87019396
0.74061155
0.75817513
0.79129916
0.85233390
0.88290083
0.92575079
0.82782114
0.93459892
0.95070314
0.79280257
0.89572734
0.98486817
0.87668562
0.81353784
0.81799340
0.70712113
0.79641449
0.98471057
0.92727387
0.90508354
0.74670279
0.70222354
0.79485214
0.73679024
0.66218853
0.86015123
0.81134415
0.85718602
0.82347828
0.94855314
0.77231967
0.69135028
0.75617063
0.95828682
0.81561434
0.69683075
0.62130117
0.83512849
0.94621289
0.81077605
0.81866026
0.73262835
0.81757534
0.69027972
0.77346575
0.77271330
0.85295010
0.71954811
0.80544090
0.85684615
0.78552401
0.63062429
0.79244530
0.99086028
0.79616892
0.86833668
0.84465563
0.66810024
0.73334587
0.81249332
0.66356909
0.78572202
0.79323035
0.98817366
0.75621176
0.78145480
0.87025714
0.81751424
0.70164281
0.97869945
0.83579206
0.65888017
0.88306034
0.85148156
0.94021273
0.94329691
0.79105616
0.77843535
0.72489655
0.76331252
0.92297471
0.95684624
0.62323165
0.87235075
0.61637628
0.72045213
0.81840587
0.76222646
0.62899357
0.79551274
0.95684576
0.80188823
0.82441646
0.70880234
0.78579783
0.89515495
0.87968946
0.74845088
0.90174723
0.75733399
0.94971907
0.70564979
0.76518261
0.88281465
0.75169164
0.79497629
0.72503442
0.66012585
0.57425880
0.74323297
0.67422134
0.71459860
0.98884553
0.79881215
0.79641813
0.72744274
0.67758834
0.88211638
0.72785616
0.65938348
0.78461033
0.75984466
0.72474486
0.93064934
0.96708333
0.75737882
0.73364949
0.77745867
0.93922174
0.76492316
0.83620071
0.67738837
0.71929717
0.96759951
0.67965734
0.72466642
0.72635007
0.81612813
0.71999180
0.75734162
0.75802791
0.66417223
0.63114476
0.76090455
0.84243399
0.72501200
0.86614430
0.82000649
0.76212603
0.83298159
0.66209334
0.72759980
0.91046822
0.82407081
0.72631967
0.79335916
0.80325538
0.68133610
0.79166114
0.74344844
0.67039084
0.69720352
0.81954920
0.76121002
0.80761749
0.90196413
0.70131695
0.77194077
0.69563663
0.80724347
0.70580423
0.92720765
0.89813852
0.69568890
0.76932228
0.79410303
0.78101557
0.66451269
0.66077638
0.76775181
0.70206314
0.84460294
0.75189626
0.78960103
0.63711882
0.86998129
0.72097629
0.81227911
0.84804159
0.84690040
0.57887125
0.81457293
0.77198732
0.72297591
0.84161597
0.77744192
0.66722918
0.91573530
0.68138498
0.65152979
0.72483540
0.70665622
0.78847158
0.73653114
0.60775530
0.69780153
0.82904911
0.72068375
0.76252687
0.69934756
0.77777159
0.57756519
0.69417268
0.77749878
0.86085719
0.74601120
0.79253060
0.72189879
0.79543245
0.65679097
0.70114386
0.76211512
0.74319100
0.83596838
0.79435050
0.75314027
0.87992072
0.60895443
0.74514335
0.77913326
0.98453462
0.58429319
0.79284841
0.88869506
0.73219329
0.77930254
0.70165002
0.60977995
0.61192548
0.58430421
0.86382157
0.76819611
0.86451185
0.68349719
0.73935354
0.62515217
0.67350829
0.72867376
0.63220346
0.75626194
0.85223973
0.64611399
0.73398614
0.62437320
0.50984514
0.80959600
0.59102643
0.64796060
0.78363085
0.65991920
0.84829783
0.75282139
0.76911175
0.56397140
0.65686655
0.72804439
0.66262889
0.69804668
0.89816844
0.74471462
0.72614658
0.67661327
0.74726665
0.73452795
0.57738703
0.69373208
0.75619823
0.66503060
0.77500951
0.62533766
0.85186285
0.74489462
0.60983479
0.71198171
0.82664859
0.67731166
0.59334689
0.65202403
0.63285118
0.56748003
0.67750907
0.82983387
0.74933302
0.67434400
0.65275037
0.74888384
0.87066424
0.77553666
0.52840674
0.70840228
0.72194773
0.51047450
0.68012124
0.57609022
0.76238835
0.64326108
0.72848451
0.58139175
0.61868906
0.70525038
0.66453308
0.75041515
0.61278993
0.64722645
0.83348012
0.67868841
0.78490496
0.68827778
0.78655654
0.76611495
0.57064676
0.67662930
0.75647861
0.82430023
0.53950906
0.73522341
0.72555351
0.61461544
0.65334797
0.64160258
0.90063125
0.74676996
0.66255563
0.63001013
0.69229233
0.55601388
0.60832703
0.71724188
0.61614931
0.72110963
0.66665119
0.56402761
0.58946896
0.79992586
0.64934838
0.56402266
0.48050177
0.74595714
0.69876492
0.79653341
0.64993179
0.53653264
0.68201476
0.66319656
0.83485174
0.73456383
0.67146409
0.86065829
0.64075059
0.78810644
0.71298778
0.66240847
0.75716037
0.89010435
0.77050292
0.63747001
0.76747465
0.89342117
0.64565152
0.60814488
0.59574544
0.66362810
0.84920347
0.74029285
0.68033874
0.69042301
0.89025438
0.73911560
0.73747933
0.71336597
0.61907864
0.63160360
0.62716222
0.67003834
0.70940840
0.64406693
0.76583707
0.77627766
0.63887179
0.68593186
0.80656374
0.60351717
0.73289984
0.73719633
0.56152499
0.86881793
0.87857926
0.87799060
0.71080035
0.69306886
0.75411087
0.75840861
0.70378077
0.56949830
0.76641047
0.58013374
0.70153403
0.63108599
0.69746244
0.63947690
0.73919988
0.74790680
0.77634478
0.82541287
0.79796904
0.79214334
0.75485897
0.59965241
0.87762320
0.73601413
0.59967911
0.60092521
0.74421710
0.75597709
0.84235692
0.64068031
0.65547884
0.87659323
0.64650393
0.80833697
0.61707067
0.66590238
0.57009745
0.73216718
0.81947404
0.83056146
0.70455647
0.68467641
0.70165503
0.81441581
0.70013344
0.78565073
0.77100360
0.50228387
0.73383158
0.58730447
0.72990525
0.79946524
0.74049079
0.67240298
0.58517921
0.74485540
0.60936069
0.86841083
0.61659944
0.89111221
0.56681156
0.68395180
0.57167953
0.74936795
0.69977361
0.67051303
0.72757787
0.60606551
0.77647722
0.66387522
0.68730772
0.68462908
0.72266436
0.67682493
0.64660048
0.69275111
0.69960904
0.49503070
0.67082894
0.97522229
0.73773366
0.68623400
0.75449878
0.61730695
0.75128639
0.68915820
0.77659184
0.75172919
0.79223901
0.73192191
0.70122802
0.57007593
0.74681818
0.83052599
0.61659527
0.58964038
0.57841450
0.75003976
0.61925173
0.71517789
0.64818317
0.60299176
0.65890628
0.66582930
0.70129776
0.71052206
0.71816278
0.86978358
0.73687828
0.77458513
0.68776894
0.58545721
0.69278342
0.73417389
0.68602538
0.63969946
0.83986485
0.87915289
0.84667337
0.73529720
0.61038554
0.53375334
0.61922640
0.59767991
0.73275256
0.72148132
0.86346638
0.67276925
0.62689805
0.57538557
0.61953402
0.73313797
0.70760411
0.52359003
0.65697956
0.64092988
0.73230249
0.76259792
0.74187267
0.71347713
0.73059833
0.64404279
0.60832393
0.47481543
0.84437722
0.76659930
0.75309122
0.65328646
0.75009024
0.65248901
0.61908931
0.70169520
0.58948016
0.62545753
0.60812879
0.61270183
0.46890664
0.63418067
0.67513108
0.59467292
0.70511162
0.66996133
0.69746816
0.66660297
0.64907098
0.52324289
0.50564599
0.70764822
0.65839338
0.65151393
0.68395454
0.59511435
0.69410676
0.84863240
0.63041341
0.66125667
0.60712814
0.73671132
0.70380694
0.76240379
0.49858150
0.61631191
0.68718737
0.48977405
0.63372993
0.63156271
0.69530988
0.70183766
0.70319527
0.72041130
0.73557150
0.59141868
0.54032612
0.74931580
0.60748827
0.71488374
0.56963938
0.57283604
0.56510293
0.67669678
0.64870709
0.56864822
0.50790572
0.69897270
0.52280343
0.67156535
0.58710569
0.61010206
0.63833308
0.66466588
0.58550280
0.59764338
0.69352561
0.58824819
0.82122231
0.71247524
0.47906664
0.90468258
0.67722929
0.57193017
0.66981494
0.70331573
0.68439603
0.63998103
0.75943947
0.73660886
0.62234068
0.72230673
0.58235276
0.75834429
0.74141097
0.64259410
0.55444628
0.59718025
0.73456943
0.58661860
1.04320168
0.70440215
0.46338543
0.78913522
0.77966034
0.58234334
0.75045329
0.57481503
0.63803160
0.76451719
0.64572370
0.61859953
0.55115396
0.64040184
0.64733273
0.66696310
0.59307539
0.62203467
0.67846912
0.78282380
0.67804199
0.68189144
0.65230209
0.64113909
0.70678020
0.56996995
0.50087112
0.59939569
0.42742288
0.61045033
0.77253491
0.56550914
0.72051430
0.62126523
0.54433274
0.60277754
0.77556181
0.70327747
0.60759723
0.64516956
0.56827831
0.58328134
0.55549908
0.46873602
0.57534969
0.59642696
0.51999480
0.64259481
0.71122432
0.52257091
0.40965521
0.80459458
0.70221668
0.63542759
0.59434628
0.54176366
0.72334242
0.50248110
0.64612538
0.51107657
0.58932662
0.61585021
0.55222982
0.58414721
0.60447556
0.51714033
0.69399548
0.52018678
0.66946691
0.53482628
0.76053274
0.64164668
0.83088690
0.63288122
0.47899196
0.70843697
0.56101143
0.72573328
0.57270962
0.70430213
0.56031460
0.60434043
0.59421384
0.58951485
0.70875704
0.46072656
0.63078171
0.76970303
0.82023919
0.70262706
0.53539646
0.53428543
0.68238974
0.56491303
0.76243436
0.58694029
0.51211232
0.66020530
0.73115075
0.56434286
0.48798236
0.76806736
0.54943752
0.58934212
0.48322165
0.48577335
0.55393946
0.58276236
0.76808918
0.59029412
0.52182281
0.46533227
0.62125552
0.64479816
0.77817976
0.76150066
0.63954657
0.61213636
0.72256052
0.59037596
0.59798354
0.69156873
0.50290835
0.83817744
0.75246620
0.59702653
0.59622419
0.61302185
0.74466211
0.64065611
0.58365673
0.69044244
0.66687644
0.82511729
0.61714149
0.49690369
0.57471067
0.54097587
0.54815769
0.61815846
0.56954205
0.58304405
0.51420397
0.67806196
0.51493776
0.56553251
0.55611169
0.47471997
0.74206626
0.52582824
0.50017577
0.68064815
0.65147161
0.51430768
0.67201984
0.49812379
0.48516515
0.57609844
0.67941976
0.64832425
0.49439704
0.58115453
0.54547977
0.43424943
0.60129660
0.74172640
0.58035833
0.62420094
0.65255570
0.59625041
0.64738214
0.64474589
0.65737784
0.84741485
0.62003726
0.58608371
0.64282715
0.59964454
0.72876573
0.60204607
0.53925264
0.55365658
0.53063059
0.70727533
0.65688521
0.56591618
0.59164298
0.66080856
0.84908146
0.60180902
0.62940800
0.61872721
0.37992042
0.60259330
0.63119876
0.47042906
0.70282400
0.47992608
0.54469192
0.54629928
0.60306597
0.43054193
0.51683336
0.54543471
0.54970360
0.58702445
0.74431157
0.52967417
0.54605210
0.51843858
0.56921059
0.46045732
0.48872089
0.46890795
0.62364888
0.60612559
0.62845170
0.51160789
0.68663931
0.60923696
0.60204655
0.72728145
0.41485703
0.68046218
0.70075965
0.51935923
0.58779633
0.67887270
0.54323608
0.66906202
0.68918687
0.68765330
0.69526178
0.67348766
0.56399930
0.71475226
0.58511883
0.56485212
0.49515709
0.60466707
0.65918893
0.79037130
0.70174628
0.98147261
0.74114519
0.49327800
0.52113783
0.72147942
0.54057777
0.70325458
0.71897757
0.68249971
0.55266798
0.62285972
0.57828140
0.57716906
0.62120616
0.77601296
0.68653417
0.53631085
0.48818222
0.75846273
0.52065873
0.61003810
0.65838099
0.46806633
0.60653263
0.55516541
0.69623828
0.64165592
0.62527937
0.44850191
0.57754731
0.60756034
0.56706619
0.61891770
0.63219833
0.57398731
0.70465291
0.59220058
0.65156150
0.53130549
0.64562798
0.65608060
0.53896534
0.54978001
0.48099047
0.59759808
0.84107333
0.52181745
0.66723812
0.58959639
0.54351610
0.40046939
0.73042738
0.41951936
0.60066891
0.62427604
0.65529603
0.68082225
0.88075477
0.40640751
0.57110029
0.37438363
0.63244104
0.53602719
0.57922679
0.58510900
0.74830544
0.43442041
0.74106038
0.61367321
0.51780975
0.48072183
0.62385798
0.57491648
0.52788186
0.59949422
0.46352071
0.55981028
0.48393127
0.66218424
0.57933187
0.58280194
0.53508818
0.49902290
0.62043571
0.40251082
0.42713404
0.56168151
0.67401886
0.54140842
0.45274308
0.50758779
0.56490350
0.71985835
0.57747537
0.45484003
0.64773095
0.54436034
0.64646441
0.60484749
0.76490915
0.64018750
0.53143263
0.50217330
0.58396244
0.68836027
0.64715570
0.43257529
0.58037287
0.57016301
0.57655448
0.53094387
0.65212393
0.80326998
0.54926419
0.56867307
0.49153122
0.55854571
0.55281091
0.72848976
0.46003407
0.45077392
0.78921443
0.51298392
0.51895559
0.61512136
0.55738294
0.48030910
0.54953253
0.51837385
0.60204613
0.66667765
0.42833006
0.53224391
0.46809366
0.48554760
0.55378461
0.53040135
0.42936084
0.65994102
0.57178628
0.63592553
0.73955822
0.71586424
0.67768478
0.51610792
0.67448312
0.50408280
0.55038238
0.37579334
0.39349723
0.55528420
0.61257589
0.55469090
0.51731455
0.58233434
0.67477453
0.54963648
0.68938780
0.57172853
0.68163025
0.50477958
0.54253632
0.49460322
0.56806129
0.76129138
0.55002737
0.51986575
0.69695842
0.59593141
0.52779740
0.58185762
0.57707804
0.67552572
0.74467832
0.57648671
0.53328490
0.72473949
0.49886259
0.51811743
0.65086275
0.49934709
0.63010621
0.62305212
0.51065689
0.54744226
0.66151989
0.50620109
0.51880342
0.49622157
0.64888394
0.62911117
0.41328543
0.43171534
0.52441698
0.71636891
0.49425095
0.69740278
0.49696359
0.71969581
0.60087436
0.56192553
0.54137510
0.61668879
0.69434655
0.68151546
0.64130700
0.54970592
0.60725874
0.47904801
0.50564307
0.55771941
0.67320788
0.48174050
0.57813025
0.46405128
0.52019727
0.50569522
0.55448973
0.71086383
0.49562812
0.47260666
0.59621567
0.52200246
0.68594706
0.53173792
0.58249342
0.50498414
0.61347866
0.66858935
0.63554478
0.61885899
0.64185762
0.67851520
0.54771352
0.50224906
0.59640229
0.49139196
0.65660822
0.51260805
0.83402061
0.59994239
0.71275550
0.38060832
0.52770191
0.48229790
0.50277448
0.62198138
0.42883337
0.45262662
0.51824284
0.53509617
0.53849757
0.66740775
0.57332218
0.52387190
0.60594642
0.52627718
0.46949905
0.46334466
0.47531256
0.52324390
0.57423675
0.54903567
0.51259947
0.67740297
0.36120015
0.62783265
0.49463528
0.59365064
0.55496508
0.59181720
0.46482781
0.51299143
0.64204419
0.56732625
0.62880969
0.48277909
0.45664132
0.63028538
0.50919497
0.44644994
0.65626216
0.69294763
0.68061763
0.55751109
0.49506629
0.55414474
0.61729860
0.82887030
0.49524444
0.50244677
0.57545674
0.53002024
0.64611256
0.66615200
0.54664683
0.49895707
0.58204925
0.43717352
0.52988708
0.46468565
0.56067896
0.60561585
0.61068243
0.48980129
0.51891088
0.59896040
0.43957317
0.71286410
0.56428772
0.48563188
0.61273670
0.76092160
0.50009799
0.57355082
0.54206800
0.44506228
0.65251416
0.59828907
0.73529506
0.49461019
0.50678247
0.58892906
0.60460043
0.54490161
0.55122876
0.66142231
0.43163615
0.53141570
0.62536502
0.61133349
0.80836177
0.52471960
0.54008186
0.47473621
0.50291628
0.71663082
0.62684792
0.51253974
0.54373527
0.53218150
0.49129063
0.56970769
0.46333885
0.51982665
0.55500221
0.40077624
0.55764896
0.60943401
0.40989947
0.56727540
0.55203158
0.57553744
0.47975332
0.41991907
0.65346813
0.59867495
0.43386954
0.61190629
0.47545117
0.77053368
0.57214904
0.55922085
0.65109831
0.69097710
0.60512519
0.52064514
0.66585779
0.45393071
0.55789804
0.65385258
0.67506683
0.63132739
0.59914815
0.58594322
0.67834926
0.46142724
0.65037686
0.52723897
0.61929232
0.55022240
0.49764594
0.48916405
0.57412386
0.56222963
0.56758195
0.62439764
0.60288167
0.42194569
0.74915254
0.56000853
0.50218403
0.50834692
0.66399920
0.60550523
0.59699637
0.70293164
0.37258571
0.47247666
0.41944063
0.45857874
0.57363933
0.51188338
0.62363482
0.43161911
0.56804878
0.59587449
0.51609969
0.52155876
0.51272571
0.39660504
0.60092634
0.52286988
0.44957930
0.46723908
0.50151843
0.48956609
0.34346604
0.56647956
0.46773022
0.60050082
0.52313769
0.49710757
0.57126099
0.57003772
0.57910204
0.51815844
0.66383016
0.53307116
0.48731145
0.61991948
0.61094612
0.56578505
0.52239490
0.55987728
0.49917227
0.37818533
0.39583838
0.43707436
0.42870522
0.52947187
0.56779873
0.52505845
0.48662966
0.46954334
0.58145511
0.66038078
0.41311061
0.51091528
0.55509961
0.57837242
0.52632618
0.65805411
0.48919362
0.63519204
0.57200515
0.54075909
0.50378644
0.56804872
0.58902717
0.49069548
0.44542459
0.50987411
0.50854504
0.50292528
0.49301994
0.51645964
0.61150837
0.48063266
0.46604979
0.52766287
0.51676959
0.49461174
0.60465825
0.54446399
0.50216377
0.55977929
0.52377743
0.58790171
0.42600489
0.50334609
0.41999093
0.50000936
0.49669164
0.65480763
0.56228358
0.44246385
0.44818336
0.55918133
0.44270009
0.55458033
0.50622106
0.47047627
0.47228527
0.34147799
0.47082934
0.59912503
0.54932070
0.36323100
0.52366626
0.45170909
0.48242578
0.62449837
0.33453792
0.49613422
0.47634527
0.60876530
0.69644558
0.40863267
0.43326423
0.49466354
0.41277695
0.48281470
0.34615636
0.47226274
0.45215476
0.56178701
0.65804040
0.42570442
0.59644955
0.56934297
0.53396350
0.48022348
0.46964052
0.67827249
0.62041295
0.64314580
0.64729214
0.45486176
0.48645192
0.69084084
0.60085171
0.45062271
0.59323931
0.51801646
0.55977142
0.51592565
0.54894853
0.49554735
0.44650277
0.75032520
0.46995693
0.38026708
0.55807227
0.59373951
0.41010541
0.63148063
0.42632145
0.58008009
0.43300080
0.61288404
0.55375469
0.42676449
0.55512297
0.49149770
0.44106907
0.50854349
0.34270808
0.53310120
0.53725690
0.61920172
0.53283870
0.47385025
0.36653101
0.62177479
0.55665344
0.46336216
0.43620449
0.55677128
0.48443618
0.60597456
0.77442247
0.44362333
0.61506158
0.41567910
0.50946736
0.65706110
0.53371608
0.54463458
0.48779115
0.47632805
0.56035900
0.36864775
0.41134006
0.56625247
0.55504531
0.44871956
0.58855438
0.53018826
0.53004146
0.61567026
0.51912832
0.79326105
0.59028286
0.55063874
0.51246715
0.65427536
0.53129119
0.56498963
0.57784510
0.58312994
0.65917492
0.51872033
0.59201831
0.48697144
0.55927795
0.58867902
0.56005710
0.46435255
0.59478509
0.49404058
0.54811823
0.63881397
0.72750163
0.50040406
0.48243847
0.53130257
0.42163187
0.62976015
0.61521280
0.58467042
0.52167702
0.46809193
0.39994678
0.60308409
0.48198134
0.48073736
0.55569017
0.46652117
0.55055559
0.46307650
0.48113674
0.44559664
0.55430007
0.45253104
0.70611268
0.45061219
0.47599685
0.50925553
0.38747174
0.48598105
0.45963866
0.40385956
0.39617991
0.55455446
0.67130339
0.50464737
0.42773637
0.70600468
0.60475838
0.66425687
0.57525969
0.46166715
0.54448670
0.49177557
0.56085473
0.40454340
0.57083142
0.65329742
0.53296840
0.63079453
0.43525964
0.51072538
0.53919554
0.53039992
0.55541599
0.50745082
0.46963471
0.58546925
0.52544641
0.40082878
0.41663012
0.70045459
0.47141933
0.43364638
0.54730666
0.40796942
0.37329990
0.68720496
0.52116561
0.42637423
0.52804422
0.44666004
0.44532901
0.63995838
0.56373984
0.54861593
0.50538903
0.65445846
0.43808383
0.43841171
0.54952192
0.49955314
0.68453103
0.40714639
0.51275873
0.53501582
0.52659416
0.52779675
0.47788942
0.49147570
0.38372576
0.58574802
0.47895429
0.51993287
0.57252830
0.48970002
0.48971167
0.46081018
0.55477035
0.67497921
0.41527933
0.47880119
0.44799986
0.42599082
0.63470358
0.47719723
0.46296465
0.70379144
0.62314463
0.67407143
0.65913868
0.46800062
0.40079939
0.60543942
0.59694695
0.47894916
0.39105046
0.56486726
0.56912374
0.53489304
0.51397741
0.58535635
0.60799760
0.44516152
0.40426368
0.64034599
0.40817392
0.49800882
0.60196263
0.64192152
0.57898253
0.52167726
0.53869987
0.65222514
0.50789982
0.50038767
0.48456576
0.57905829
0.57526296
0.47363421
0.64364207
0.43882105
0.51320976
0.40144613
0.54384077
0.43583435
0.57053334
0.52760291
0.44805565
0.50098777
0.41250426
0.41440243
0.40109965
0.34818810
0.53986764
0.42838606
0.49038681
0.52406704
0.48884866
0.54532540
0.63535047
0.48329011
0.46175390
0.45649862
0.45786870
0.55920535
0.51532549
0.35682076
0.51840186
0.76140952
0.44396687
0.50135750
0.34940538
0.56758654
0.45724523
0.49686170
0.44130665
0.55822426
0.41377968
0.50128615
0.54267359
0.43477732
0.56470716
0.50262845
0.65407562
0.47093266
0.52362573
0.58248079
0.50640452
0.36951768
0.44891536
0.51783085
0.35067710
0.54042429
0.44882450
0.40311503
0.56143886
0.48591697
0.29387051
0.45670357
0.53304321
0.41671932
0.36603397
0.56143594
0.46238282
0.61495280
0.35718399
0.51050168
0.52009237
0.46659470
0.59101743
0.52897698
0.53206021
0.46222267
0.64257777
0.48159760
0.45744985
0.49108443
0.52000034
0.55454218
0.52459133
0.29109567
0.40438849
0.44696301
0.61890870
0.53175581
0.43381423
0.62533867
0.64702225
0.46641162
0.61173147
0.41189319
0.39494202
0.51978517
0.52591586
0.46745938
0.47558302
0.44848484
0.46632922
0.50766784
0.62869674
0.51322269
0.51675665
0.49041814
0.51590598
0.50716990
0.42387763
0.54248172
0.60205549
0.58797938
0.32474163
0.46655947
0.44250220
0.40033570
0.50674748
0.41718429
0.59491628
0.58912951
0.45382133
0.39336967
0.37091231
0.43706533
0.47115543
0.50932765
0.48330832
0.36522785
0.61288607
0.39475322
0.62005794
0.54207683
0.28334251
0.46596333
0.52419627
0.58973807
0.42359245
0.51454663
0.52319688
0.60760236
0.48602349
0.29764169
0.55911899
0.45525339
0.67518830
0.39594099
0.38836271
0.53412038
0.53407884
0.36661977
0.54854125
0.58221012
0.38323218
0.47021696
0.55791676
0.39567381
0.29984888
0.52193886
0.48139095
0.57538450
0.45448217
0.44977885
0.60512614
0.66286421
0.60982966
0.55449939
0.47882059
0.49637976
0.66397095
0.38835776
0.48592150
0.40376315
0.51253784
0.47496963
0.64582241
0.40915313
0.55979896
0.59306765
0.73805594
0.41755471
0.33753407
0.47156271
0.51987869
0.56384397
0.49441120
0.40016520
0.44054586
0.52571344
0.44066185
0.49945912
0.39427260
0.51300490
0.51032180
0.56418252
0.50402737
0.51322466
0.53151619
0.53440183
0.52162910
0.44140059
0.55559599
0.44523668
0.65803629
0.37814099
0.37594351
0.42140919
0.51746184
0.44794494
0.39645588
0.48371634
0.50191039
0.46885431
0.49181697
0.51091206
0.48202717
0.66761446
0.42785800
0.43852544
0.39390472
0.47549194
0.52951407
0.46265760
0.62214959
0.51761830
0.47632447
0.62413031
0.52706349
0.51249290
0.45909840
0.49199682
0.48844823
0.39616174
0.52721190
0.34386161
0.46720201
0.48898599
0.50379694
0.41380531
0.46889329
0.56848949
0.39954293
0.38126910
0.40215379
0.52154315
0.41144967
0.63204283
0.43892893
0.49269220
0.42476279
0.30834457
0.52497470
0.46198699
0.44928041
0.58726078
0.46628451
0.45092195
0.46066719
0.50452352
0.46200219
0.41728687
0.57934713
0.50589991
0.31955796
0.40396959
0.32306725
0.48364848
0.62144446
0.45684832
0.49389011
0.51731986
0.49575365
0.38377997
0.47719535
0.53499568
0.41622728
0.53708744
0.53845876
0.61239660
0.46457213
0.41887587
0.49994919
0.48278564
0.35482174
0.40778989
0.65136617
0.36827150
0.69395411
0.37585172
0.56160533
0.51420796
0.64338648
0.43464282
0.62325859
0.62900442
0.54776067
0.54707181
0.54115653
0.53928941
0.52905875
0.55455416
0.57148910
0.49945402
0.64545184
0.56416035
0.39400983
0.44349915
0.36806560
0.42445105
0.46420231
0.54768074
0.52877265
0.51675677
0.50636655
0.55664366
0.47112760
0.54564917
0.40881950
0.51083302
0.36968100
0.45157281
0.48037130
0.47461236
0.38705829
0.43237269
0.63701260
0.36880487
0.34036791
0.35203886
0.29463527
0.47885251
0.56171376
0.39399302
0.33127820
0.63441694
0.39343315
0.59220386
0.43093956
0.58358997
0.68188828
0.35287464
0.57193506
0.44313264
0.55122471
0.34959546
0.51682234
0.57891631
0.50985479
0.59970224
0.53070414
0.40974170
0.58285880
0.46817833
0.50115138
0.53914118
0.51853108
0.47911495
0.48468757
0.53959858
0.46265501
0.69962263
0.51217628
0.34046245
0.49904934
0.59850848
0.47316000
0.47901848
0.58948451
0.44023252
0.45589745
0.49822390
0.35651505
0.39699811
0.40422726
0.40056184
0.45666414
0.49708822
0.40026462
0.46613929
0.40530890
0.42886057
0.47229224
0.45246094
0.48792121
0.39365131
0.33723247
0.47909132
0.46150988
0.60672545
0.34834912
0.47198433
0.54542565
0.49654776
0.43105862
0.49401331
0.46286222
0.34656116
0.32342994
0.38397253
0.49685785
0.54621118
0.34168872
0.55971813
0.46551850
0.49169427
0.29403999
0.32023814
0.35272756
0.43164670
0.49492115
0.47036409
0.37235466
0.44660273
0.36573118
0.48935688
0.53521574
0.50921041
0.48152554
0.41710126
0.43801162
0.48717409
0.42158449
0.65024340
0.48086160
0.37929660
0.35729128
0.38214651
0.52988243
0.62272823
0.43453562
0.33397484
0.50365341
0.43356901
0.42096704
0.31749880
0.64320445
0.32815391
0.45448902
0.62730658
0.44554308
0.50214267
0.45769992
0.62785816
0.55800140
0.41324541
0.31103757
0.48830849
0.32278505
0.52274883
0.52494246
0.44889569
0.61132133
0.49660996
0.35422212
0.50451642
0.40404764
0.38298690
0.40769613
0.38740742
0.53044730
0.42912915
0.34100729
0.49003443
0.48325145
0.58771855
0.33377787
0.45641807
0.37962583
0.43170822
0.63768244
0.53348684
0.38780838
0.46836561
0.46601629
0.34612846
0.50977051
0.38531029
0.49788094
0.38408908
0.40741956
0.35985696
0.39738441
0.52392673
0.36537665
0.46395895
0.50596499
0.52351367
0.46074966
0.51632887
0.39169109
0.46159884
0.35564709
0.51709211
0.39502972
0.52720863
0.52204537
0.42563534
0.45006615
0.36947390
0.44296467
0.59784365
0.47437751
0.48065561
0.44040054
0.51260412
0.27151811
0.48422903
0.45377800
0.49196345
0.60859030
0.53944230
0.41706595
0.54004872
0.48255432
0.41113043
0.43675542
0.51279891
0.61762893
0.50108826
0.46323436
0.59378958
0.47792614
0.45917624
0.34861565
0.39926320
0.42821613
0.51167959
0.33810964
0.36928627
0.77874005
0.54199290
0.34309152
0.49090493
0.45614660
0.48128358
0.52127385
0.56164211
0.50681746
0.47913519
0.45970258
0.47684395
0.37999797
0.50564706
0.49832231
0.52464390
0.46753284
0.55268514
0.34402829
0.39986819
0.47395858
0.45241576
0.47267729
0.38677365
0.40544695
0.45416290
0.45144576
0.71554399
0.41763702
0.50357521
0.46343946
0.55270690
0.45246160
0.29652995
0.43182570
0.39694491
0.39029258
0.45096520
0.45282117
0.40379357
0.44240344
0.41709921
0.46570265
0.48976338
0.48807567
0.48555458
0.38949725
0.54991984
0.31902647
0.69833654
0.39735493
0.40170807
0.53805864
0.41138595
0.47815537
0.43566972
0.37074324
0.38940835
0.47197044
0.56261313
0.51684803
0.66549015
0.42628449
0.36689094
0.37010556
0.50573915
0.35276026
0.48657233
0.47380665
0.44921958
0.36986935
0.54908001
0.32933784
0.48588923
0.40964079
0.51828825
0.39469033
0.43537593
0.39393857
0.47723556
0.46266642
0.27105182
0.44314867
0.45776033
0.57774276
0.43695402
0.43764776
0.61261070
0.35303876
0.49150538
0.53030133
0.37361115
0.42029846
0.45985985
0.49390641
0.42965889
0.30292228
0.45445469
0.36649683
0.36167818
0.52610713
0.39317748
0.47018999
0.28707224
0.37873542
0.39810932
0.45591640
0.42293748
0.32325408
0.43296376
0.56643045
0.53741372
0.56613076
0.57970917
0.65196407
0.51394016
0.77376062
0.29657817
0.43887722
0.34352779
0.41842240
0.34431773
0.49354428
0.47792935
0.45823884
0.56493884
0.51064378
0.42523018
0.48397267
0.54016209
0.50360596
0.47368538
0.48960537
0.55370843
0.45873040
0.45116684
0.38239145
0.47370732
0.42565876
0.43220937
0.50965190
0.54913646
0.45199305
0.56066632
0.36010748
0.40257019
0.34779444
0.30287832
0.50247955
0.54303873
0.38281387
0.52583480
0.43059215
0.37313071
0.34689885
0.36221918
0.38568455
0.34118015
0.42351854
0.55472535
0.52070266
0.46811503
0.37347063
0.49027473
0.45091772
0.51963586
0.31969309
0.57367766
0.52714443
0.36331916
0.40042326
0.50311816
0.54059303
0.50083262
0.46685213
0.27001140
0.42744872
0.40762046
0.43036053
0.57421821
0.41663307
0.47623014
0.31881428
0.49155164
0.51849127
0.43241537
0.44279170
0.44389117
0.33687586
0.34616059
0.49245608
0.35067022
0.43865192
0.34718397
0.43316489
0.45110732
0.61263287
0.48418409
0.42969671
0.39737421
0.45618749
0.43130246
0.65142709
0.56861949
0.49720320
0.52604872
0.58264703
0.42519838
0.37971777
0.44580200
0.42982611
0.44605476
0.40473247
0.41808847
0.38990980
0.44580632
0.50462395
0.35604817
0.44589269
0.44266951
0.36676928
0.46657467
0.44106841
0.54230839
0.39973408
0.37506664
0.37233835
0.34342051
0.36701259
0.38137159
0.41183645
0.31232533
0.43915784
0.44300956
0.38632187
0.25555950
0.33431849
0.34417048
0.39219642
0.39958072
0.44876638
0.28555843
0.33799285
0.39372665
0.42690581
0.54485774
0.56319010
0.42543745
0.32653385
0.52160156
0.58052182
0.39883167
0.34482795
0.38447249
0.41619164
0.31675452
0.51866651
0.50788546
0.36102635
0.32932651
0.33073920
0.46560389
0.42862919
0.36305642
0.45628703
0.35862392
0.41780668
0.39991826
0.51405072
0.40489662
0.44481164
0.55181062
0.34094480
0.54634398
0.48170930
0.40232939
0.48881790
0.35837349
0.41927108
0.38907975
0.48716864
0.39378482
0.55820090
0.38570929
0.49493599
0.27502614
0.36368448
0.38129190
0.34467173
0.54254121
0.39229703
0.51926726
0.49144888
0.60770905
0.31765723
0.30729005
0.32109696
0.45105496
0.47659737
0.38990253
0.40022594
0.46138340
0.36169103
0.44396323
0.35424662
0.57830018
0.47100395
0.54207832
0.31714597
0.44079265
0.37137818
0.41944271
0.37276375
0.37279397
0.42639446
0.49531633
0.34388047
0.29674774
0.51026380
0.43280751
0.33756477
0.35238701
0.40807927
0.38927996
0.57729149
0.38399255
0.39636269
0.34930733
0.46597642
0.35470167
0.36367300
0.38153717
0.42400062
0.47322980
0.49327910
0.43502241
0.35117406
0.40034357
0.43838072
0.37646452
0.46244341
0.41942835
0.51566672
0.35862204
0.49449265
0.51447809
0.36051407
0.48830438
0.41749540
0.43112490
0.32542464
0.35420388
0.39231470
0.37108892
0.46943760
0.46138459
0.45156705
0.44952643
0.35169554
0.45148703
0.41232154
0.46334451
0.38473350
0.38082862
0.32173961
0.35766369
0.44148195
0.45682269
0.27979726
0.38841659
0.50485772
0.49242586
0.43365008
0.49126461
0.42296761
0.40481710
0.39869618
0.42062435
0.26406926
0.42392629
0.33796987
0.40208647
0.34486872
0.42841619
0.39437824
0.47020048
0.37210932
0.52786994
0.52665782
0.37497586
0.38692123
0.45566958
0.45904714
0.46709254
0.45097664
0.56535959
0.28932047
0.35291338
0.33387756
0.26608917
0.42633915
0.53184843
0.46537632
0.33488822
0.41023743
0.55405295
0.38113070
0.40657243
0.44539249
0.30446175
0.39682639
0.34222198
0.42425415
0.49515772
0.32972336
0.35095578
0.39056379
0.48490673
0.28485554
0.42737761
0.51349938
0.43749353
0.41393781
0.44462711
0.50615740
0.40911907
0.43422920
0.39248440
0.50109196
0.41999578
0.40403247
0.46390110
0.36929420
0.45574731
0.36549333
0.44752085
0.48650861
0.46047390
0.51539016
0.41576487
0.40938574
0.43788221
0.49819756
0.30093139
0.35685027
0.38557732
0.45199773
0.43019027
0.52580982
0.29931822
0.30689752
0.37395573
0.29841983
0.26951578
0.38910156
0.38649273
0.43159530
0.34719732
0.56409758
0.49417543
0.53187370
0.40194404
0.39720905
0.33154321
0.42715552
0.39127240
0.38333681
0.47898728
0.50840366
0.46414024
0.35015050
0.35816503
0.36278689
0.41705799
0.46495456
0.38840359
0.34298867
0.48377711
0.36933798
0.38073486
0.48467565
0.32938921
0.27607766
0.45144469
0.37853307
0.50753284
0.56420964
0.35478008
0.48416561
0.46762681
0.52268863
0.44391012
0.48504311
0.29552525
0.36982584
0.51411057
0.37079722
0.47202399
0.33456254
0.41580823
0.56918144
0.55213040
0.44828835
0.43462574
0.35310847
0.69862664
0.42893347
0.39364177
0.39698729
0.46594191
0.34387985
0.55245686
0.32394034
0.48143166
0.54900944
0.54544312
0.48531929
0.35255647
0.56450880
0.42927882
0.62457985
0.53148115
0.49082422
0.57823980
0.59996235
0.36673802
0.44182694
0.36502540
0.39845878
0.30638543
0.47797149
0.39180750
0.51453686
0.54944873
0.40046138
0.64111817
0.54616272
0.41535828
0.48523411
0.49896520
0.47125489
0.39270526
0.43859977
0.40941983
0.37926251
0.32029918
0.38855916
0.37002295
0.38664836
0.48490539
0.29936117
0.35670051
0.42214203
0.41645563
0.36737034
0.36449742
0.37657619
0.29160976
0.53761423
0.47648281
0.36786300
0.24611755
0.45582610
0.39919424
0.26528656
0.41038078
0.51227444
0.41429463
0.30045062
0.40943781
0.35622641
0.37295943
0.41808870
0.47030121
0.48944736
0.40229636
0.35835898
0.36027360
0.36301634
0.41671985
0.47678447
0.41658473
0.47475374
0.50902826
0.36211291
0.41466919
0.26377839
0.35606241
0.29989880
0.31781191
0.32138878
0.30970043
0.25448275
0.45270509
0.44062990
0.39286989
0.42580384
0.31099969
0.39639154
0.38053894
0.35355708
0.31984606
0.46635902
0.41898394
0.37552083
0.44635621
0.46953183
0.32004258
0.47758973
0.28533977
0.42841089
0.31175309
0.46531016
0.39333624
0.32231313
0.40410990
0.30499256
0.39922464
0.36133671
0.45674369
0.33062226
0.38012046
0.42067012
0.23929900
0.34094700
0.31691656
0.46152481
0.38404679
0.41370928
0.27730623
0.36507612
0.34998894
0.39233363
0.36723465
0.38658205
0.42813885
0.46320516
0.42756543
0.53436112
0.25512260
0.43233308
0.39889199
0.31880143
0.51431125
0.41151720
0.29544294
0.52969694
0.47438085
0.42396894
0.40302154
0.52503020
0.35463607
0.44405097
0.46596202
0.38562050
0.48201716
0.31318691
0.37441140
0.50249940
0.50829709
0.42972597
0.32805598
0.39899677
0.41935226
0.45783818
0.31473851
0.43855602
0.45054054
0.49145737
0.40511796
0.42850229
0.45296997
0.35975155
0.30985543
0.28280818
0.34948325
0.32393026
0.50121808
0.40127754
0.47057331
0.42947805
0.59779882
0.40227303
0.29417846
0.52134562
0.49819487
0.23614664
0.48842093
0.35271531
0.39805984
0.38441172
0.50384676
0.35112107
0.34441760
0.54149300
0.51956344
0.25063524
0.41100922
0.46565330
0.53529882
0.32465857
0.57248855
0.49083027
0.51252031
0.35598955
0.44525903
0.41988009
0.44507962
0.32665187
0.44618356
0.27922449
0.43935695
0.27362213
0.29400095
0.38430840
0.42398435
0.36455709
0.50560564
0.40382534
0.41166967
0.40818349
0.25157201
0.27271158
0.36330569
0.42045254
0.38878590
0.41623649
0.32726198
0.40720809
0.33851552
0.51960921
0.39693692
0.46922892
0.36756900
0.43422177
0.45558232
0.39960158
0.43307203
0.33779728
0.50784665
0.34059775
0.38919455
0.40760973
0.34297079
0.37421614
0.58178443
0.44947079
0.52454698
0.29223239
0.41715562
0.28246322
0.45997715
0.37221509
0.31617129
0.51145530
0.43283874
0.44147542
0.28132376
0.41676062
0.44016534
0.41442856
0.37172702
0.51889312
0.52683413
0.29069582
0.45173740
0.33981568
0.51917350
0.41864556
0.60043657
0.35874969
0.42878765
0.45554659
0.50266033
0.27258092
0.26400664
0.30372894
0.56615472
0.33950272
0.47850284
0.32657057
0.40508044
0.54872966
0.25317621
0.28266877
0.30483723
0.43421927
0.45116180
0.42486674
0.46723065
0.46701217
0.47617179
0.38644397
0.50005823
0.40894625
0.35927507
0.52565223
0.43948281
0.41554809
0.38372952
0.37501082
0.40997913
0.39054343
0.32483363
0.33494568
0.36136210
0.47711787
0.46625072
0.49594691
0.32868755
0.43761998
0.33494210
0.43634444
0.26952064
0.48849255
0.28505111
0.56348217
0.56285572
0.59450626
0.23012178
0.33540672
0.43229181
0.38670409
0.35242447
0.48246327
0.36306480
0.45765916
0.32632124
0.34039009
0.30802301
0.33926731
0.51436210
0.35300472
0.30203533
0.38242334
0.45001763
0.46667492
0.43438399
0.36028716
0.45272738
0.32290441
0.31327415
0.43741417
0.47559705
0.31764883
0.37405923
0.52241480
0.42585018
0.40230778
0.38403648
0.33465558
0.36603504
0.38618967
0.44351816
0.35100293
0.33825433
0.46162775
0.33736795
0.25744617
0.43178055
0.42887539
0.50798821
0.41360724
0.35923988
0.45863640
0.30728915
0.45816123
0.49949473
0.29655868
0.42421195
0.32652777
0.52002990
0.32126939
0.30385900
0.42961913
0.36443803
0.43670791
0.65639681
0.39271590
0.51466882
0.42433429
0.35272333
0.40678695
0.39937776
0.47321436
0.32707220
0.41948330
0.38826606
0.45266229
0.42142734
0.48578542
0.57435191
0.39949352
0.30305970
0.34417188
0.44875681
0.32837814
0.36041608
0.25130719
0.41452080
0.22671804
0.39958024
0.39314517
0.33406740
0.28852746
0.31064200
0.36653745
0.35907742
0.39124855
0.42691952
0.24263468
0.43109688
0.25116166
0.35800922
0.36096171
0.47366118
0.41329956
0.23265222
0.28910887
0.27805135
0.28783792
0.26960814
0.29293948
0.48496640
0.29882038
0.40620804
0.45255917
0.44745800
0.31256956
0.46943024
0.45875454
0.24099588
0.27672535
0.41207188
0.29575962
0.47358066
0.22485663
0.34632620
0.50768155
0.27110595
0.45656896
0.44507807
0.26574555
0.31505740
0.22508450
0.25635979
0.39999339
0.37807673
0.44916338
0.28727916
0.33756736
0.41687220
0.33114147
0.35034031
0.38761002
0.27341598
0.38648090
0.34769192
0.35403627
0.33713302
0.54337639
0.55129117
0.43434364
0.27723378
0.40799677
0.42898980
0.44662392
0.30251348
0.37038618
0.33385044
0.39639857
0.40474799
0.44759732
0.40807772
0.35927621
0.33546883
0.26702386
0.20144229
0.34134293
0.37324017
0.45063230
0.42704439
0.32222527
0.26712734
0.41509584
0.45043796
0.39588600
0.40767327
0.34269637
0.38185340
0.40365922
0.35303691
0.32687414
0.35355771
0.29675949
0.28653565
0.33043689
0.47440574
0.59213483
0.26066688
0.42790753
0.28325099
0.44307911
0.41806352
0.40331054
0.39248204
0.41637951
0.34897232
0.26629159
0.40391585
0.22905356
0.43326682
0.48216936
0.38338566
0.35862851
0.39377153
0.32825035
0.26320320
0.33102101
0.27959865
0.33083135
0.38345882
0.46877679
0.51169407
0.45799088
0.53875643
0.32229441
0.38419643
0.52649212
0.43382508
0.41793883
0.30147010
0.44222787
0.51895821
0.37057680
0.28733212
0.48337552
0.42892694
0.44601452
0.33463660
0.31472844
0.33292007
0.41805649
0.47411770
0.26333693
0.36145461
0.33893779
0.42590129
0.49968791
0.42831570
0.33915514
0.45290506
0.48779732
0.33456975
0.39640424
0.28524765
0.39033562
0.33938801
0.42044479
0.30013493
0.40389198
0.42837948
0.55247062
0.45487624
0.48725611
0.47945887
0.50719702
0.26119819
0.42904913
0.37286660
0.38838571
0.28739163
0.42842692
0.45979688
0.31515050
0.42189437
0.27188772
0.37351990
0.33189559
0.31453311
0.46073046
0.39410609
0.25103384
0.32311678
0.32027912
0.58471942
0.31735557
0.36310998
0.54245245
0.30271333
0.39613074
0.34659505
0.29163674
0.32905158
0.36836928
0.56445873
0.44853127
0.34540462
0.41456312
0.49787050
0.42595080
0.42045677
0.33172929
0.31913203
0.35553113
0.33602786
0.36789325
0.30509037
0.38580912
0.37966955
0.48737603
0.46496686
0.34395385
0.35673195
0.35336751
0.39574742
0.33772394
0.33184233
0.32454443
0.33659852
0.55717707
0.27551848
0.35583323
0.24807872
0.29821604
0.44599652
0.31185687
0.38061070
0.51412719
0.33027160
0.36062968
0.49697921
0.33248866
0.32469183
0.40872347
0.37101421
0.54710543
0.60261548
0.37467664
0.34181887
0.30810314
0.21152602
0.28051797
0.44947642
0.50264883
0.29588532
0.37148070
0.47939676
0.36051676
0.47027564
0.31040829
0.37485209
0.41205353
0.34348926
0.41655731
0.37599346
0.32479113
0.24936180
0.33368480
0.54151583
0.33912709
0.33884633
0.45356217
0.49178189
0.26737556
0.36622453
0.45653802
0.32962209
0.44916141
0.36911938
0.37832302
0.29774433
0.59640205
0.39438730
0.40586752
0.37403232
0.38691258
0.26380110
0.47149208
0.42128187
0.26000357
0.34106031
0.38776541
0.48428845
0.38322446
0.33904397
0.29679713
0.41231090
0.48672622
0.37308639
0.29256228
0.32456636
0.42876828
0.32404160
0.33849627
0.28183287
0.35246903
0.47880709
0.36421412
0.44243202
0.46933073
0.21930836
0.33252394
0.40777826
0.32154912
0.25041965
0.38051105
0.59411722
0.46659684
0.30770481
0.40556580
0.43478200
0.46962053
0.38390639
0.30744064
0.40181607
0.45654404
0.46835887
0.53771520
0.40705478
0.26084295
0.37692124
0.29464263
0.39462787
0.44844818
0.44917044
0.44534805
0.31881273
0.40177876
0.27378058
0.34112367
0.49647087
0.36861303
0.43946642
0.42124182
0.36065593
0.41355303
0.31511274
0.19650063
0.43992734
0.36467215
0.34751755
0.25955793
0.32315212
0.28125790
0.38194486
0.32754171
0.29878145
0.45080575
0.38087833
0.39393225
0.49068519
0.32861546
0.35268927
0.37434787
0.29003435
0.42457852
0.32298702
0.35602483
0.31086951
0.28517854
0.35503232
0.37186092
0.26916695
0.28790149
0.34521419
0.30010378
0.40661559
0.31750354
0.36128944
0.45973992
0.30668956
0.20313889
0.24179082
0.35223040
0.29763812
0.25636482
0.28890061
0.27433723
0.17610200
0.38932526
0.26458567
0.25696206
0.37831080
0.38694096
0.29000998
0.23727250
0.42684996
0.38403377
0.33451265
0.39582312
0.41218165
0.23758090
0.33585542
0.50830382
0.38976052
0.41899902
0.37531909
0.24319835
0.40559915
0.43926468
0.38087365
0.37401915
0.40852290
0.38607809
0.34096485
0.42856240
0.43294063
0.54058337
0.34243673
0.40662605
0.32785273
0.33689120
0.35246792
0.30168676
0.46537498
0.43953887
0.28645211
0.34712410
0.32592010
0.46155098
0.36014634
0.26806873
0.33204609
0.35455257
0.33344260
0.35034007
0.31619242
0.41691741
0.36391357
0.37354672
0.41879705
0.30984741
0.35334915
0.32993773
0.22856903
0.42364582
0.42410058
0.33548790
0.34305412
0.32827824
0.45729733
0.40968877
0.38355142
0.34173477
0.46240228
0.39868444
0.40605450
0.55132562
0.56027198
0.45024681
0.42826158
0.33957162
0.30678964
0.34262753
0.35157377
0.33953449
0.38765717
0.37341100
0.25454110
0.29802302
0.33729601
0.34825528
0.39835367
0.38875920
0.21371430
0.35206297
0.41830146
0.30281830
0.31005096
0.39417848
0.34920743
0.39651769
0.35753131
0.47012880
0.26194918
0.29651463
0.34052470
0.41849858
0.36695343
0.44390422
0.22755682
0.27355778
0.27100229
0.41123632
0.26835346
0.33336014
0.24405886
0.33423740
0.25601578
0.32383373
0.33120477
0.32961422
0.54102391
0.41995209
0.35593244
0.31577671
0.29261240
0.31150469
0.27364698
0.31062207
0.36729020
0.39047122
0.41076934
0.40402246
0.33479798
0.27450338
0.23846763
0.35096675
0.38665748
0.45390248
0.26650447
0.54960954
0.25204802
0.24255149
0.32435611
0.32955015
0.42729902
0.33050045
0.44308200
0.49808443
0.26706657
0.47636148
0.28351399
0.27818984
0.33759439
0.33056390
0.32657632
0.22747087
0.36994177
0.34589255
0.37176538
0.28185064
0.33797652
0.30560952
0.35506439
0.38536733
0.26097670
0.42616105
0.24777056
0.34317225
0.37953019
0.29468942
0.34621048
0.41418815
0.37589356
0.35686702
0.31415352
0.38158235
0.32143006
0.33211702
0.55755013
0.49179482
0.47635719
0.43817002
0.32468498
0.24549502
0.35551301
0.45218635
0.29991764
0.30272990
0.50562155
0.43273893
0.38095373
0.54212594
0.33339161
0.41661665
0.28794396
0.44378504
0.46587828
0.46837491
0.38024327
0.38433200
0.31078595
0.32059142
0.33758005
0.32248509
0.33872980
0.36193204
0.40715462
0.36657172
0.29013354
0.35999686
0.34724492
0.30416745
0.34469455
0.32117647
0.40854818
0.26339394
0.33686641
0.47163242
0.35833997
0.36426103
0.21485239
0.35935703
0.21998715
0.56272161
0.29876271
0.37837815
0.25238600
0.35295844
0.36741373
0.34609506
0.34398350
0.46449998
0.23991656
0.38253963
0.32355648
0.29765454
0.49527657
0.31477207
0.35612625
0.30820078
0.29995888
0.31500742
0.37595746
0.21559370
0.18014774
0.32598093
0.24638277
0.44486439
0.31102958
0.28836778
0.40676460
0.34851477
0.38292781
0.31183726
0.34779906
0.37696475
0.41797644
0.35272124
0.44073266
0.46093601
0.36744189
0.28950411
0.47805202
0.33146441
0.23636481
0.21490532
0.32335550
0.34483665
0.35224032
0.32224154
0.25712663
0.28576308
0.31535167
0.40213647
0.34529954
0.38956350
0.23336491
0.28682959
0.29255652
0.29684743
0.42643791
0.25436878
0.37422827
0.41908649
0.44122604
0.37879348
0.46889243
0.39140919
0.34061486
0.37539518
0.27735826
0.37450612
0.42804709
0.29228738
0.31881163
0.28976649
0.46660212
0.40646088
0.30305701
0.32758090
0.29426950
0.37989774
0.24706037
0.24359313
0.47381419
0.24261242
0.34065124
0.40065658
0.35070068
0.45280224
0.34307975
0.30243897
0.38381645
0.39179301
0.36147612
0.28821278
0.39740419
0.34707323
0.38176620
0.34517673
0.41081673
0.44078827
0.29740936
0.45590019
0.28931430
0.37045193
0.35660407
0.38266370
0.37737346
0.31658286
0.40720809
0.46424943
0.29417339
0.33932471
0.39781389
0.29618007
0.31403321
0.39192596
0.38654298
0.30603355
0.33612698
0.23106976
0.20971368
0.36276627
0.22521237
0.39606914
0.36309388
0.37174749
0.39431399
0.32036361
0.34824225
0.31769851
0.31679899
0.32522160
0.39076370
0.28844017
0.41589919
0.37690935
0.30148405
0.32669464
0.20723541
0.29338163
0.38336188
0.35146388
0.41522446
0.28198344
0.36179081
0.25314510
0.37618098
0.27633524
0.33840725
0.32368863
0.26028442
0.26576614
0.32934216
0.29826230
0.28641614
0.23835894
0.32171518
0.39648443
0.33485633
0.28087443
0.28663892
0.31497973
0.33613592
0.18297647
0.31145257
0.34321874
0.34384978
0.48018765
0.39859951
0.32575268
0.27912846
0.20355043
0.53288746
0.23439033
0.29612708
0.34972632
0.36445719
0.30048388
0.24073938
0.28906286
0.33866012
0.31890243
0.35360110
0.35747993
0.29714698
0.42355469
0.31245375
0.24620792
0.34363192
0.32990742
0.30379552
0.36304688
0.45296687
0.39163977
0.44994640
0.37696952
0.38189703
0.51700652
0.34053046
0.23353091
0.21179684
0.36218858
0.32342088
0.39915508
0.34190670
0.32099563
0.38854247
0.34413543
0.39290673
0.27260798
0.27444488
0.22488245
0.28020322
0.34516951
0.33080643
0.31723097
0.33157098
0.26496059
0.32825482
0.41674763
0.38285479
0.40909737
0.20772883
0.19711053
0.43871373
0.27792376
0.29847527
0.45842323
0.31907347
0.31811172
0.35110429
0.34456378
0.28588334
0.32352316
0.39502773
0.38974220
0.41325060
0.35180658
0.37081328
0.38113034
0.38593447
0.28135440
0.25232542
0.27426526
0.29322797
0.26517817
0.34985235
0.30662325
0.56808519
0.31324309
0.20947288
0.30102763
0.26877505
0.29971236
0.39530504
0.32018325
0.29293883
0.21956675
0.39652964
0.36785063
0.42260787
0.43386781
0.36308259
0.32871315
0.32571185
0.34601700
0.28534222
0.47638029
0.27735692
0.36446440
0.26418471
0.22990905
0.32104516
0.28351277
0.28363025
0.34362632
0.34142798
0.34557080
0.33392674
0.25901878
0.30076680
0.19096974
0.25404716
0.42580307
0.37026376
0.32547224
0.42112708
0.33735695
0.37760514
0.26349500
0.29315451
0.25167799
0.56293589
0.25678599
0.42641944
0.25397360
0.29794624
0.33914357
0.25837448
0.45884556
0.39322621
0.26092052
0.28454119
0.52356619
0.46954530
0.41134617
0.32699728
0.24687140
0.45336905
0.27649659
0.29877108
0.48141146
0.36462602
0.26898292
0.35959330
0.39825308
0.41521674
0.45098877
0.37874818
0.35106516
0.38680655
0.36588702
0.34207702
0.35953990
0.33769223
0.41127720
0.38049144
0.29680356
0.33606374
0.30157930
0.29837275
0.27708852
0.21147329
0.44581884
0.38494056
0.36003256
0.27736360
0.38276845
0.32301971
0.45310611
0.29298437
0.36333972
0.37057340
0.28613639
0.21715154
0.33363283
0.25369537
0.37161717
0.26956967
0.21579394
0.38499069
0.24446595
0.36116308
0.33136040
0.36867926
0.20565242
0.37786078
0.34921426
0.43714118
0.28422195
0.20914248
0.28233728
0.21943566
0.28189299
0.33589494
0.42135447
0.26245996
0.46945426
0.32819426
0.22917324
0.36140272
0.28146517
0.31311214
0.33523351
0.46806076
0.31890368
0.35613114
0.41336370
0.39374715
0.18789275
0.37079969
0.24572781
0.42766425
0.45535877
0.49009860
0.31424639
0.30136567
0.38950595
0.33659381
0.40960565
0.25418657
0.27707365
0.31759995
0.31671008
0.38924503
0.36149517
0.33092326
0.37844092
0.31228507
0.26936802
0.28163579
0.32667989
0.29271567
0.28170830
0.38640183
0.35819671
0.31348485
0.33658057
0.45415416
0.27381974
0.30851191
0.27043399
0.35277128
0.30016515
0.38927785
0.34831154
0.33048218
0.40754610
0.41922092
0.29450503
0.29879665
0.38146409
0.28104833
0.33922625
0.34708130
0.35728496
0.30484682
0.33005857
0.43594277
0.27363306
0.25414002
0.34250474
0.24081853
0.30774683
0.37712657
0.32779786
0.47429577
0.34662193
0.37513369
0.29152763
0.39272487
0.40205386
0.26407295
0.28480282
0.29598784
0.36186939
0.36847258
0.37372410
0.42125526
0.43877956
0.37698051
0.37453052
0.38130474
0.30792221
0.29573205
0.30757159
0.30235162
0.41701293
0.29222059
0.39982861
0.42460090
0.31457102
0.30527294
0.28973597
0.41752636
0.28626958
0.28020722
0.31184310
0.32341740
0.31026170
0.30434519
0.24393250
0.28793409
0.34412277
0.32809803
0.29550216
0.50425017
0.26442134
0.23334271
0.28999352
0.29390973
0.25437364
0.36194342
0.22612196
0.24239358
0.19500709
0.30658370
0.35987717
0.27838120
0.24848281
0.28632498
0.30263996
0.40518957
0.23310211
0.12637031
0.42589670
0.27650970
0.20246947
0.43778127
0.25125051
0.33951968
0.29694241
0.30312100
0.37382552
0.49585581
0.33078361
0.26704586
0.38218701
0.44620895
0.32162470
0.27893549
0.32132596
0.30346885
0.37704468
0.25920323
0.36026376
0.33642229
0.31442732
0.42773226
0.28829321
0.34622097
0.38477197
0.14529049
0.28658763
0.38694823
0.25821334
0.39199388
0.31636935
0.31233472
0.24107809
0.29880744
0.25660568
0.38747460
0.28789595
0.28480282
0.37182808
0.22104979
0.25374556
0.34390351
0.31971541
0.31111616
0.29827595
0.31309462
0.37090439
0.23280872
0.45280921
0.29520723
0.44762218
0.28905028
0.48749828
0.56829184
0.36753079
0.26551589
0.33328038
0.31095234
0.29222611
0.29526192
0.25746292
0.33462989
0.29927444
0.39026994
0.34815753
0.36594194
0.33578539
0.33887041
0.33982342
0.24563336
0.29038486
0.44055900
0.30784068
0.23838292
0.27875572
0.24622086
0.23813385
0.35479963
0.29113281
0.26048219
0.29105890
0.46859631
0.44769955
0.31983334
0.37828127
0.20056859
0.26444042
0.26734546
0.35148758
0.27724695
0.27898020
0.34926006
0.39758047
0.30359924
0.24359262
0.32090184
0.24708655
0.35950482
0.40444207
0.31876904
0.26490325
0.27564418
0.20458406
0.32586288
0.18722019
0.49738327
0.39760619
0.27891165
0.28860807
0.34792528
0.27231351
0.31738132
0.27215239
0.40605181
0.30677041
0.17736867
0.28288668
0.31670961
0.34992287
0.44881678
0.27277946
0.31671423
0.42352647
0.36083671
0.29496890
0.25679785
0.25035924
0.21493943
0.25027195
0.31919795
0.40722930
0.41312021
0.36091909
0.35029534
0.31542113
0.44052419
0.29817671
0.30302376
0.33059201
0.30288088
0.35309458
0.31314918
0.42653766
0.34372377
0.31287676
0.28226376
0.23221561
0.25395656
0.31461281
0.29320052
0.31011623
0.39972904
0.47562280
0.33237308
0.35206169
0.40530246
0.31845117
0.35897315
0.29168510
0.29237050
0.36162978
0.17057401
0.19336131
0.43348166
0.34554830
0.36570954
0.29813427
0.28051722
0.30061534
0.26701283
0.40193072
0.32745123
0.31192547
0.21174388
0.32042089
0.26542723
0.26585555
0.32969135
0.49193361
0.28510284
0.23767391
0.37966004
0.28024447
0.35047305
0.26602715
0.33276987
0.29171026
0.46512583
0.32184249
0.30626690
0.38268718
0.50409412
0.38378090
0.32323223
0.40779358
0.34999794
0.24515377
0.38003349
0.20057121
0.35606194
0.26111320
0.33539480
0.23967376
0.38921708
0.28500283
0.17750832
0.54886705
0.23134458
0.37461209
0.25345680
0.38929248
0.23647805
0.33985299
0.26761758
0.32049367
0.35918358
0.24582845
0.34546325
0.34742904
0.49919018
0.22108446
0.28617877
0.23714872
0.37072212
0.36352980
0.34930593
0.28728348
0.36620247
0.32477450
0.23193806
0.31275314
0.36985075
0.32863528
0.30460995
0.47154769
0.25508004
0.50376457
0.29482353
0.23591608
0.48972905
0.24122602
0.29775709
0.30796987
0.33393678
0.32602796
0.29836485
0.26813167
0.33151835
0.19072315
0.26491112
0.35392708
0.53163791
0.28703183
0.31814629
0.36499369
0.26252341
0.38186073
0.17783968
0.25782937
0.26514170
0.24543077
0.37629455
0.35229230
0.30377465
0.39945823
0.27441928
0.50124705
0.28578374
0.33003771
0.41713524
0.33637387
0.23606931
0.32530043
0.33451256
0.24185565
0.47952145
0.29045349
0.36487183
0.29991961
0.36264569
0.34941378
0.32279480
0.29826805
0.28652549
0.31840193
0.37794912
0.30425894
0.27972338
0.45865864
0.37946543
0.30437309
0.27857757
0.29292372
0.36688566
0.36678898
0.34689799
0.34937313
0.31703022
0.46075484
0.32378680
0.26959032
0.32461742
0.31520835
0.41255772
0.36137664
0.26168287
0.18333827
0.37398463
0.27060619
0.32588357
0.37751588
0.16220915
0.33158332
0.26342160
0.24159069
0.14696044
0.36846560
0.31254664
0.30539048
0.27322003
0.19699439
0.32388008
0.26097554
0.18205044
0.23063692
0.42494744
0.23228261
0.25473338
0.41777962
0.32434270
0.43494007
0.38622522
0.26973426
0.20479025
0.26088282
0.28232256
0.31996334
0.26595613
0.28841454
0.24573849
0.17758609
0.33629185
0.26671219
0.28638244
0.24141225
0.23585929
0.36812511
0.28472075
0.36296636
0.30239430
0.34489942
0.27051342
0.24425350
0.28924990
0.20138389
0.30333430
0.20542111
0.27747303
0.31194907
0.21442102
0.23066172
0.16791886
0.20527190
0.38883674
0.19993633
0.29709566
0.31901729
0.27467233
0.24763596
0.28883940
0.21758521
0.33718789
0.24610092
0.31947660
0.20379700
0.36577824
0.18513721
0.41637051
0.44164640
0.31024030
0.30744880
0.46385574
0.41238278
0.30151239
0.39223415
0.30520979
0.34517336
0.31060591
0.27539319
0.35439402
0.38875958
0.29755852
0.34684253
0.25187618
0.22431932
0.33182836
0.22615771
0.35219219
0.26781923
0.30783471
0.25749129
0.24882005
0.33106112
0.27966446
0.27226368
0.28325576
0.31430018
0.22350666
0.34439924
0.33187523
0.30710667
0.23940003
0.27716422
0.15149283
0.27376646
0.31815192
0.56094933
0.24098501
0.17704496
0.37585562
0.29242879
0.24435486
0.25779736
0.37555569
0.14848277
0.35821664
0.27458030
0.29907060
0.17791231
0.35939857
0.27204758
0.19520748
0.31234664
0.29444027
0.35064241
0.22814459
0.22933057
0.27998912
0.36382371
0.30540636
0.20589039
0.34662986
0.31557560
0.25632656
0.42820278
0.31432122
0.37929282
0.32757005
0.18738721
0.23896521
0.32391188
0.38442415
0.37909395
0.22204766
0.38665634
0.28527099
0.38657129
0.34215370
0.27223605
0.27538818
0.35376564
0.52210581
0.24428156
0.28587115
0.34909934
0.34226781
0.28944990
0.38193327
0.34693837
0.25966656
0.44408065
0.42401490
0.29312983
0.30673924
0.32819813
0.19089893
0.19158533
0.33642849
0.24001527
0.36523831
0.59662730
0.30375695
0.28792650
0.23014848
0.35200712
0.31463701
0.40113610
0.23849568
0.24481682
0.29909819
0.33244491
0.35834622
0.34814090
0.28025600
0.20973039
0.25933141
0.38152999
0.22464143
0.35415375
0.31807566
0.47124785
0.30745131
0.21785763
0.40144664
0.30710968
0.26567924
0.30940565
0.26691881
0.28908408
0.20179391
0.32483906
0.27942747
0.37457031
0.32195136
0.31497887
0.24478835
0.32797199
0.32283136
0.25387084
0.39132720
0.20554462
0.31060058
0.32383484
0.44148850
0.23478763
0.29920489
0.33075833
0.27522022
0.20161380
0.39415956
0.42189607
0.25269717
0.25128520
0.54208040
0.31564856
0.34328115
0.38572145
0.30404222
0.35675642
0.33704841
0.38129818
0.34179166
0.38055852
0.35350963
0.35664344
0.32333577
0.32030469
0.36747909
0.28924096
0.24042918
0.25004297
0.27166671
0.29076391
0.29791993
0.31134653
0.17346975
0.25827998
0.32254153
0.23454763
0.29485816
0.23390037
0.43940711
0.32056844
0.23251806
0.29757273
0.23454243
0.27478433
0.40482837
0.33940727
0.21789384
0.24686170
0.30312374
0.41398042
0.22734964
0.35167021
0.22628158
0.27853179
0.34340340
0.27818134
0.31925178
0.27562034
0.28542215
0.20898777
0.47550151
0.33057845
0.25540677
0.21846813
0.39380458
0.38717145
0.26033831
0.30143529
0.32655698
0.31469780
0.38310450
0.32338607
0.23813757
0.31120872
0.30105188
0.42715392
0.24222781
0.33643371
0.16415235
0.25218397
0.34824690
0.30606431
0.31611994
0.36693385
0.39949363
0.28640327
0.37654418
0.19709319
0.26460907
0.44086894
0.26530403
0.30805737
0.24944171
0.40234825
0.34984308
0.30135623
0.20218778
0.34255728
0.19720837
0.35086471
0.23990791
0.28693429
0.27690804
0.27810234
0.22369681
0.31537008
0.40754890
0.35968912
0.24797285
0.29292738
0.19150326
0.25556809
0.22184299
0.27608615
0.25197405
0.39133254
0.37049586
0.28268412
0.27797154
0.27495712
0.37097898
0.22766590
0.20518160
0.28640449
0.27888334
0.27677143
0.41802049
0.38990641
0.23804998
0.28061897
0.21724647
0.25532594
0.42599320
0.28975356
0.23638436
0.43753421
0.37521601
0.30379733
0.35693246
0.36053294
0.23392373
0.29892731
0.32098880
0.20838237
0.28515464
0.21150979
0.22866502
0.33673030
0.30049759
0.28468198
0.27218270
0.26771683
0.32773665
0.32262540
0.26190823
0.21290255
0.16349588
0.36392841
0.33240148
0.45581070
0.24236771
0.18274507
0.21945146
0.19213673
0.20655753
0.17851394
0.24781267
0.20530783
0.31988078
0.39397129
0.17399064
0.28172833
0.20800143
0.18039955
0.31968579
0.35671508
0.24786933
0.25485873
0.17621791
0.27049625
0.18861791
0.36927599
0.34450549
0.21763904
0.34072912
0.32346433
0.21390302
0.29783785
0.30347580
0.21132873
0.33045959
0.20378953
0.29246795
0.21021309
0.20109278
0.37214458
0.29522818
0.13777986
0.30871746
0.25487930
0.32616687
0.24831209
0.31871915
0.26281589
0.25493175
0.23276372
0.38064489
0.14428625
0.20756683
0.25933963
0.25838307
0.38041747
0.29179859
0.29582340
0.17779572
0.23425083
0.23479651
0.30709174
0.24732490
0.14406662
0.20177092
0.39035249
0.47268236
0.24912053
0.25262380
0.27273801
0.29921997
0.27462775
0.28521541
0.37651902
0.29069215
0.33398551
0.40453768
0.36146319
0.27131313
0.44738525
0.24644816
0.22352621
0.33481288
0.31674826
0.36920619
0.27388391
0.20360489
0.25898090
0.27672362
0.31025636
0.26663670
0.26896888
0.41117138
0.33447343
0.30504709
0.28319275
0.28041801
0.29487950
0.47469711
0.39417168
0.25397098
0.30520934
0.25720841
0.25467587
0.23161203
0.14648804
0.36939421
0.25227249
0.28929171
0.30825460
0.26109350
0.24399644
0.26423955
0.21078031
0.31520161
0.23722097
0.19936503
0.29414254
0.36019802
0.35522890
0.24949521
0.26223382
0.30125654
0.16952674
0.34479856
0.24751723
0.24761903
0.25802681
0.19278434
0.24333288
0.31835094
0.40864795
0.25610730
0.28544438
0.41107869
0.33788189
0.26155284
0.33552188
0.27406728
0.27267408
0.26071310
0.29027653
0.38224012
0.29174736
0.24906510
0.35965502
0.20753014
0.21272138
0.45568725
0.18284011
0.20405394
0.30841863
0.37032020
0.21998098
0.31027621
0.32216525
0.30353910
0.22793886
0.25550610
0.27338833
0.20163430
0.29442674
0.18210930
0.25076228
0.30625203
0.32569632
0.29653701
0.42884099
0.31045097
0.33498770
0.17784855
0.37177429
0.33575606
0.22561090
0.22126380
0.22956049
0.27680853
0.14605770
0.26906359
0.23703608
0.34862959
0.18495232
0.26447371
0.28204843
0.39103639
0.32444066
0.21731502
0.20378372
0.34539539
0.20378661
0.41577527
0.36644942
0.22122669
0.36474517
0.35288265
0.25306255
0.30048051
0.49166697
0.25215951
0.35407493
0.30108571
0.28717834
0.20341927
0.36102489
0.29404253
0.32355100
0.35630924
0.34245688
0.34866542
0.20389350
0.37720647
0.30768120
0.21324544
0.41810536
0.29044676
0.30325997
0.33454287
0.17872268
0.19612885
0.37754899
0.35708559
0.33061916
0.36259666
0.29840636
0.32826632
0.20286009
0.26514149
0.26369560
0.36717483
0.30981836
0.22267386
0.35952228
0.27210978
0.34570903
0.25058404
0.30122221
0.27363712
0.26095989
0.36356875
0.25121933
0.35190505
0.26813191
0.24413928
0.14802703
0.23121412
0.21933883
0.24650143
0.48961145
0.22789487
0.25636011
0.32386214
0.21357602
0.13428359
0.36696243
0.22315422
0.28007343
0.16697498
0.29396814
0.22340447
0.35148457
0.18892011
0.34167844
0.25302416
0.44363675
0.33566213
0.29417795
0.27322346
0.31825358
0.28992638
0.27490979
0.27885118
0.25157249
0.32791030
0.23586680
0.31553912
0.25382066
0.21676061
0.28650975
0.25208950
0.44640541
0.21339740
0.23662555
0.35456991
0.29996189
0.25782302
0.14751464
0.34433001
0.26224893
0.29047805
0.25687000
0.31130651
0.25327048
0.23133838
0.37563604
0.23423320
0.32657826
0.26597518
0.22685884
0.35450947
0.38981020
0.27279761
0.18142062
0.26071584
0.30810145
0.21222700
0.29516694
0.20922390
0.43104219
0.25515392
0.31778193
0.27680564
0.27044696
0.29837331
0.29133022
0.19077216
0.37661439
0.24373974
0.22032332
0.27130461
0.22057885
0.15455437
0.40724534
0.29651096
0.29693431
0.30382198
0.40538722
0.39104804
0.29867721
0.28975055
0.24847123
0.31028971
0.27946731
0.18945518
0.15942863
0.14222845
0.21098396
0.36901850
0.30706978
0.42296395
0.28575778
0.43917352
0.28181505
0.30421615
0.20402195
0.26528442
0.25333142
0.18899944
0.38137957
0.21625467
0.15240467
0.20059887
0.22591802
0.24148135
0.30141348
0.14787465
0.18482395
0.14005671
0.20933065
0.19336970
0.38448229
0.31685138
0.26658633
0.24994908
0.20345539
0.17625296
0.23171820
0.21554710
0.25917786
0.14695355
0.23982690
0.16617538
0.25462210
0.22062430
0.12872890
0.21324410
0.17535627
0.30100444
0.35085049
0.23291066
0.21043697
0.27406555
0.18064097
0.34621102
0.34476438
0.23295398
0.27530408
0.20918001
0.29849729
0.41516596
0.26339352
0.24239650
0.32359919
0.24206790
0.19884497
0.25107002
0.22379443
0.26257846
0.36980391
0.18071525
0.28340042
0.52416426
0.27309743
0.25354302
0.29092515
0.23810673
0.41508102
0.22199968
0.35577741
0.22194402
0.42470345
0.38654277
0.26331890
0.24373409
0.41282439
0.22158858
0.15233593
0.24356532
0.21036500
0.26865661
0.24879327
0.21326420
0.20328991
0.25088733
0.24571946
0.36449784
0.40264797
0.21017011
0.26102602
0.40371907
0.33412376
0.22488002
0.17740279
0.28542763
0.35735857
0.35990307
0.25800914
0.32016921
0.31415012
0.39850563
0.29901862
0.36706948
0.38785684
0.33968163
0.26147592
0.38653696
0.32325304
0.26501095
0.29545566
0.37073651
0.33706725
0.27193582
0.21397503
0.31915170
0.25525755
0.25056660
0.29215652
0.37296993
0.36042529
0.27360025
0.19979912
0.12737422
0.25843877
0.27410048
0.16743982
0.28394669
0.21489292
0.14411330
0.23949021
0.29371032
0.15892771
0.30230886
0.25077558
0.22741301
0.30590492
0.18080613
0.26821157
0.25191864
0.32154763
0.31096888
0.21980575
0.23468982
0.34112889
0.38287777
0.19595759
0.18576990
0.21353069
0.26261878
0.38026053
0.29599428
0.25550240
0.21184519
0.23009495
0.29845023
0.25492442
0.19601379
0.32423574
0.11439665
0.13535878
0.24464597
0.40989870
0.28663313
0.29897603
0.22893468
0.26433182
0.28960863
0.30778599
0.28854448
0.32277736
0.28907582
0.39077392
0.26108307
0.15809102
0.27025566
0.18749791
0.41560593
0.24831051
0.32179987
0.22771569
0.23526928
0.22652952
0.34469259
0.30855113
0.26976874
0.36180097
0.25309575
0.21550551
0.33839393
0.32179630
0.35884410
0.35634151
0.23166060
0.18100666
0.18723057
0.31333447
0.22566529
0.29464638
0.30211195
0.33485359
0.31947619
0.33579105
0.25594282
0.34619206
0.22120968
0.27596533
0.23020935
0.27227914
0.28222293
0.23251888
0.30368027
0.38151944
0.25768065
0.20267966
0.24557039
0.23353440
0.30292255
0.20080701
0.28130084
0.25002307
0.25411540
0.17859899
0.26021647
0.23867986
0.36688891
0.28564063
0.49457198
0.31032351
0.22867304
0.35299420
0.30003166
0.14174500
0.26804987
0.31962395
0.20035651
0.14935127
0.27221614
0.35147756
0.29354215
0.35509175
0.15674520
0.19413501
0.25906625
0.29111961
0.21722910
0.29852593
0.29200858
0.30793703
0.32635078
0.19240503
0.23957728
0.34649724
0.23343766
0.23944128
0.33303207
0.24691321
0.43070054
0.25935897
0.26661909
0.24121916
0.19680026
0.27787662
0.18313673
0.27517247
0.33750060
0.22472334
0.36911321
0.28253636
0.17991270
0.34348494
0.35286307
0.25920534
0.28069115
0.44768211
0.21642146
0.24843058
0.15386985
0.33373216
0.40694541
0.22573408
0.30354220
0.22301415
0.28992477
0.22822627
0.25044239
0.34348953
0.22439653
0.44488099
0.21499802
0.18920204
0.30912209
0.24335003
0.30005014
0.36543596
0.26817867
0.35659185
0.33126557
0.30763322
0.38690162
0.16510390
0.29087231
0.34087673
0.30940691
0.27577132
0.30252075
0.18395317
0.34607324
0.29236713
0.32337618
0.39296132
0.18546018
0.30906877
0.38554013
0.37711984
0.21672481
0.36034742
0.25569960
0.28990647
0.29775718
0.29914802
0.20992211
0.22469252
0.23975664
0.20921649
0.31313229
0.34720349
0.34685975
0.33607543
0.23539211
0.28576565
0.28036949
0.22904995
0.18979004
0.21160361
0.37145087
0.24843666
0.29842776
0.21889871
0.29200622
0.13302051
0.28503346
0.32880419
0.22840066
0.23068023
0.28930604
0.20008665
0.31138715
0.18323247
0.24440169
0.22438198
0.22348934
0.24528700
0.20314021
0.30703866
0.25190097
0.15337989
0.19212230
0.26878551
0.26266795
0.16068491
0.22303319
0.19433323
0.12855856
0.25363630
0.22220723
0.27340484
0.22941472
0.22852394
0.15799646
0.40660441
0.21523799
0.16208693
0.22651248
0.13464101
0.25182819
0.18608713
0.37090594
0.24729751
0.26989326
0.29165763
0.38455626
0.20400295
0.24569274
0.23239323
0.39167565
0.33476993
0.15268224
0.35572383
0.29848495
0.22377378
0.30284798
0.28534251
0.35212141
0.24490410
0.22276460
0.33782864
0.24398559
0.25523645
0.29043373
0.26573494
0.28259674
0.17298678
0.31453460
0.15673903
0.15575811
0.23929659
0.24795547
0.44111478
0.32559317
0.26240742
0.25514477
0.24314322
0.26792052
0.25197089
0.28038096
0.31076580
0.20326823
0.27283639
0.15500119
0.25720993
0.12595990
0.31517473
0.24293475
0.37435490
0.22788978
0.24919739
0.16611260
0.22450539
0.23985991
0.36260664
0.24730927
0.14741594
0.28108987
0.24007893
0.24887036
0.14935908
0.28814265
0.27204031
0.22635558
0.28451991
0.24341474
0.18783411
0.26465422
0.24599513
0.32465208
0.16500354
0.20316604
0.17574906
0.23563291
0.27170914
0.23541364
0.26486862
0.28704390
0.17175409
0.16934752
0.34152958
0.17440815
0.20753306
0.32507688
0.16972212
0.34112948
0.28768477
0.28399539
0.24853945
0.36511609
0.20344974
0.18471013
0.14720836
0.27821392
0.24528351
0.17930096
0.28520638
0.19316518
0.31932986
0.24888240
0.19628628
0.23246762
0.25308412
0.19545460
0.19059746
0.26793015
0.19525960
0.21173662
0.30879509
0.30970010
0.12721574
0.29269227
0.15258168
0.32834035
0.21734703
0.21033615
0.36983821
0.21728231
0.23943765
0.21712625
0.19043350
0.29361394
0.16253330
0.24179599
0.29107261
0.23527600
0.30287662
0.27065217
0.34488779
0.29625782
0.26561815
0.27322495
0.25535625
0.19668564
0.29433131
0.15282156
0.21433669
0.24531810
0.28201795
0.16573095
0.19541514
0.29971406
0.12930551
0.24343091
0.31890392
0.22646448
0.24318928
0.19765815
0.25937817
0.14753088
0.32348493
0.46080691
0.19790086
0.21231002
0.22963232
0.29630983
0.18216401
0.42207661
0.35957271
0.28252140
0.32613361
0.35853672
0.27895457
0.29662389
0.39237213
0.33101845
0.31208277
0.25902426
0.29771367
0.32133973
0.24189946
0.20640624
0.33420795
0.26155463
0.39041469
0.29506826
0.27819780
0.25296804
0.26258343
0.30492592
0.29647335
0.29160708
0.15224770
0.19884656
0.35570720
0.20765832
0.26898018
0.35777313
0.26050851
0.30778277
0.33604807
0.32539436
0.34418127
0.38174337
0.25279221
0.28856349
0.22709864
0.31897521
0.23768362
0.33902025
0.30017799
0.31312701
0.28713867
0.26926205
0.18024221
0.18792221
0.22237620
0.31317046
0.33620989
0.25284225
0.30464479
0.32175598
0.20613560
0.23495737
0.33985302
0.25992098
0.18604794
0.38633183
0.21461192
0.38268390
0.18536666
0.32753325
0.30145288
0.39001197
0.16521378
0.16330680
0.24518511
0.18804437
0.18832925
0.24147005
0.18157226
0.27227530
0.33911467
0.35864335
0.25379899
0.20249015
0.21454701
0.31477877
0.23371674
0.28053671
0.32324082
0.24052629
0.26937199
0.20488840
0.30123475
0.33959866
0.27987158
0.18086278
0.20591138
0.18030187
0.18899831
0.26952749
0.45682496
0.29069012
0.20236859
0.36060062
0.22586749
0.17708021
0.26417953
0.24691513
0.26155397
0.31794649
0.25617683
0.22002345
0.34853414
0.18765122
0.20558324
0.22355814
0.16709161
0.29293767
0.28623521
0.17533547
0.25960872
0.33100840
0.11811445
0.22858076
0.23444974
0.28214565
0.22467549
0.23569813
0.22304763
0.28032672
0.24387620
0.24565634
0.23620394
0.21502891
0.30129555
0.11170927
0.22462913
0.22336231
0.38470823
0.22028854
0.22146402
0.28528404
0.21170458
0.22370613
0.33796364
0.18293172
0.20404710
0.17766532
0.36575687
0.29712671
0.26865917
0.31073731
0.36493611
0.18048097
0.19652194
0.27332592
0.28050014
0.17736523
0.24560232
0.23645252
0.31889534
0.32119921
0.26676908
0.14038561
0.27534312
0.23599288
0.24056177
0.25936714
0.27832010
0.30033273
0.23469555
0.46847388
0.17060219
0.15568990
0.19469953
0.23018168
0.17797983
0.20635203
0.28456205
0.17407700
0.31135884
0.28961623
0.23004630
0.21733364
0.12955223
0.13481197
0.24408171
0.23004076
0.23600650
0.37762150
0.31621319
0.25432056
0.12949127
0.22539672
0.12875643
0.20321096
0.13492736
0.32214469
0.14649378
0.21480852
0.16571730
0.23535147
0.22485928
0.22233911
0.20190817
0.27588409
0.22199655
0.21244264
0.26791286
0.31144524
0.21699026
0.21689695
0.26734966
0.17840111
0.21435481
0.22001188
0.16645923
0.35942984
0.18825439
0.21327323
0.14227229
0.20569572
0.19772473
0.18186888
0.17256507
0.19078428
0.23434053
0.18139952
0.13147907
0.22392474
0.19808976
0.32555789
0.16407719
0.22886471
0.25306427
0.22664377
0.10397700
0.26783553
0.26565510
0.18326473
0.23193184
0.23587562
0.18500428
0.18656470
0.10865181
0.26726708
0.29735780
0.33730990
0.32687271
0.23220488
0.17062829
0.24335843
0.10135501
0.28382528
0.20454095
0.14200777
0.23399411
0.22768508
0.19942117
0.26046407
0.24741575
0.16875356
0.13986173
0.25592712
0.26073271
0.32767031
0.29245982
0.26305506
0.39468539
0.20857513
0.17043480
0.17159769
0.14735287
0.20072021
0.26941893
0.27728397
0.14860481
0.25920963
0.25596932
0.10837205
0.28921473
0.20817958
0.34975117
0.18199986
0.23568404
0.07329205
0.28842896
0.19691342
0.17465365
0.25597906
0.18113783
0.19721088
0.31614470
0.27926862
0.21066129
0.21573496
0.22260690
0.22014670
0.21132052
0.23504841
0.17436625
0.33373636
0.40282378
0.35788846
0.16774333
0.26296309
0.25032127
0.21583569
0.26114300
0.17079464
0.21403676
0.33027840
0.17614539
0.32524258
0.22617315
0.24877745
0.31348276
0.22804494
0.29830778
0.29823181
0.28312826
0.15960097
0.17850478
0.27732262
0.23305282
0.28430006
0.24498582
0.30535585
0.30868450
0.26913649
0.38579223
0.32945573
0.21103781
0.20713155
0.14104588
0.20964487
0.23369706
0.17409167
0.31144568
0.28971583
0.35102764
0.24611974
0.22201318
0.30368924
0.18716025
0.30403179
0.22931360
0.23970780
0.25303334
0.24072255
0.26107651
0.22610533
0.22299401
0.31856751
0.41185206
0.19266310
0.24122420
0.30703810
0.28761736
0.20820965
0.20360252
0.31239885
0.32363409
0.31488678
0.30398178
0.15875138
0.22614340
0.23801410
0.24024361
0.28497690
0.18921013
0.21348338
0.25922069
0.28494620
0.25015807
0.26203147
0.19462255
0.18895698
0.27859291
0.21462440
0.25507590
0.17777245
0.27971119
0.33484438
0.27683538
0.25038326
0.34820738
0.18043542
0.25297317
0.29355294
0.22507358
0.27312088
0.23078227
0.23897137
0.31223154
0.22483210
0.18460929
0.16721791
0.32117012
0.38895649
0.20817862
0.26561704
0.25186622
0.39382330
0.21741927
0.12543094
0.17135799
0.32834554
0.31197095
0.35360980
0.28317830
0.32619798
0.24582866
0.18475372
0.23565355
0.20455614
0.29428476
0.30607665
0.26205030
0.14642996
0.31363437
0.32073611
0.24662840
0.20688167
0.24675423
0.21513467
0.17587367
0.37655467
0.27554360
0.25502643
0.36653215
0.13278505
0.19029975
0.37548092
0.20779333
0.25497231
0.22089538
0.32410473
0.19483832
0.25430053
0.37870181
0.17786050
0.24892110
0.25945929
0.39708021
0.21913004
0.22716476
0.35082960
0.25023153
0.30297667
0.27587816
0.19824117
0.23435600
0.28806579
0.24359500
0.15574667
0.17754629
0.15771407
0.20710817
0.24021474
0.26722139
0.14239046
0.25915530
0.30458069
0.19286165
0.17630100
0.21533044
0.22983329
0.34209836
0.17590784
0.25045261
0.32339948
0.50397080
0.19611172
0.18156017
0.19709037
0.25656599
0.28289613
0.18699160
0.24135159
0.21393488
0.24769051
0.34281114
0.23665029
0.24997620
0.19935820
0.25433969
0.19812506
0.22176686
0.22697216
0.14925495
0.30008510
0.23136123
0.26245397
0.23467426
0.27073705
0.28477156
0.16045053
0.27936053
0.34149206
0.19802096
0.24652156
0.26802605
0.17237531
0.34799099
0.23049864
0.30818307
0.28047779
0.32751495
0.22100031
0.18180412
0.26691520
0.27359170
0.17169730
0.34068656
0.24736834
0.32372308
0.34245461
0.17771438
0.28408176
0.21652333
0.35667151
0.19013926
0.26773331
0.31383514
